   5.0960000e-01   4.7090000e-01
   1.1350000e-01   4.2350000e-01
   1.0420000e-01   7.9160000e-01
   8.5500000e-02   6.7440000e-01
   3.9870000e-01   4.5040000e-01
   4.5870000e-01   3.3490000e-01
   2.7290000e-01   4.5490000e-01
   1.8970000e-01   1.3390000e-01
   3.9210000e-01   2.6590000e-01
   3.3470000e-01   2.4540000e-01
   4.2140000e-01   3.2610000e-01
   1.2160000e-01   3.8010000e-01
   6.2250000e-01   1.3060000e-01
   3.5490000e-01   4.7810000e-01
   5.1360000e-01   1.9870000e-01
   3.7730000e-01   1.0470000e-01
   3.7360000e-01   1.8330000e-01
   1.3270000e-01   4.2090000e-01
   5.6300000e-02   4.1240000e-01
   4.9030000e-01   4.4030000e-01
   4.5470000e-01   3.2840000e-01
   4.7350000e-01   2.8330000e-01
   2.4320000e-01   2.6170000e-01
   7.8410000e-01   1.3550000e-01
   3.8240000e-01   1.9810000e-01
   2.4630000e-01   4.3630000e-01
   5.8080000e-01   1.8000000e-02
   2.8740000e-01   6.7210000e-01
   6.7820000e-01   1.5570000e-01
   6.5440000e-01   2.8330000e-01
   2.3330000e-01   4.2890000e-01
   2.5290000e-01   2.6230000e-01
   4.2350000e-01   1.6530000e-01
   6.4500000e-02   7.5000000e-02
   3.6430000e-01   5.1610000e-01
   2.3880000e-01   4.0140000e-01
   2.1320000e-01   4.0620000e-01
   3.7150000e-01   1.6090000e-01
   2.2750000e-01   5.6880000e-01
   4.1240000e-01   1.8000000e-01
   6.0950000e-01   1.1710000e-01
   4.1490000e-01   4.9730000e-01
   9.8700000e-02   1.4550000e-01
   3.8870000e-01   1.0910000e-01
   3.0020000e-01   3.7950000e-01
   3.0440000e-01   2.5100000e-02
   3.9020000e-01   3.4470000e-01
   2.8500000e-02   4.8730000e-01
   3.8460000e-01   4.7840000e-01
   5.0260000e-01   1.1150000e-01
   3.0300000e-02   4.5000000e-01
   4.4150000e-01   2.6930000e-01
   3.4330000e-01   6.3800000e-02
   7.0090000e-01   4.9700000e-02
   3.7920000e-01   1.8090000e-01
   4.8100000e-01   2.1870000e-01
   3.7630000e-01   5.6330000e-01
   2.8040000e-01   3.3240000e-01
   4.1430000e-01   2.1730000e-01
   6.2570000e-01   2.9020000e-01
   3.3680000e-01   3.1600000e-01
   2.7610000e-01   2.7630000e-01
   4.9070000e-01   3.6390000e-01
   3.8500000e-01   3.8150000e-01
   6.6920000e-01   6.2000000e-02
   1.7580000e-01   2.2770000e-01
   2.4390000e-01   4.0500000e-01
   4.6600000e-01   3.6330000e-01
   6.1930000e-01   3.1440000e-01
   2.1370000e-01   2.4920000e-01
   1.8060000e-01   4.6140000e-01
   2.9460000e-01   3.5870000e-01
   4.6560000e-01   2.1910000e-01
   4.6300000e-01   2.1570000e-01
   7.2630000e-01   2.6460000e-01
   2.5900000e-01   5.2680000e-01
   2.1600000e-01   2.2510000e-01
   2.2430000e-01   1.4470000e-01
   3.5150000e-01   1.2630000e-01
   4.3730000e-01   6.0600000e-02
   2.8160000e-01   3.6680000e-01
   6.0690000e-01   7.1400000e-02
   5.1230000e-01   9.4100000e-02
   6.6740000e-01   2.4710000e-01
   3.0450000e-01   4.4830000e-01
   7.3000000e-01   1.6150000e-01
   1.3480000e-01   3.6010000e-01
   5.2860000e-01   2.1630000e-01
   2.2300000e-02   4.8280000e-01
   3.1450000e-01   1.6800000e-01
   3.1970000e-01   1.9820000e-01
   3.4540000e-01   4.3190000e-01
   4.4760000e-01   4.4610000e-01
   5.5320000e-01   3.4160000e-01
   5.2440000e-01   4.7500000e-01
   3.5030000e-01   3.7690000e-01
   2.2850000e-01   4.2970000e-01
   4.2830000e-01   3.0800000e-01
   3.7090000e-01   9.9600000e-02
   1.2380000e-01   5.0850000e-01
   8.0710000e-01   5.0800000e-02
   3.2600000e-01   3.5690000e-01
   4.0520000e-01   4.4440000e-01
   5.7160000e-01   9.1600000e-02
   4.3060000e-01   2.3520000e-01
   1.8990000e-01   6.5040000e-01
   1.9710000e-01   1.7890000e-01
   1.7420000e-01   2.6300000e-01
   4.3690000e-01   3.4920000e-01
   2.7080000e-01   4.2470000e-01
   4.8140000e-01   9.4900000e-02
   2.8160000e-01   2.7690000e-01
   5.1000000e-03   4.1550000e-01
   1.4860000e-01   3.8990000e-01
   3.5140000e-01   5.4140000e-01
   6.1780000e-01   3.5890000e-01
   4.9930000e-01   3.8990000e-01
   5.5050000e-01   4.2270000e-01
   3.4450000e-01   3.2010000e-01
   3.9690000e-01   3.1940000e-01
   2.8100000e-01   3.5000000e-01
   2.1730000e-01   6.4560000e-01
   4.8200000e-01   2.2820000e-01
   9.6900000e-02   5.7800000e-02
   2.7140000e-01   4.3710000e-01
   5.4490000e-01   3.0310000e-01
   7.2000000e-03   7.6240000e-01
   2.9090000e-01   4.4660000e-01
   1.8350000e-01   4.4610000e-01
   5.5510000e-01   1.3820000e-01
   2.5630000e-01   7.7700000e-02
   2.2590000e-01   4.6170000e-01
   4.8290000e-01   2.7100000e-02
   3.2880000e-01   4.4430000e-01
   1.8540000e-01   7.2940000e-01
   3.2080000e-01   3.0200000e-01
   2.6010000e-01   4.3530000e-01
   3.7800000e-01   2.6300000e-02
   5.0770000e-01   3.3740000e-01
   6.7400000e-02   4.8370000e-01
   8.7000000e-02   4.5660000e-01
   1.8810000e-01   5.0810000e-01
   2.1900000e-01   4.0480000e-01
   4.7990000e-01   4.3200000e-02
   3.1190000e-01   5.8410000e-01
   2.5870000e-01   3.7730000e-01
   3.2270000e-01   3.3700000e-02
   3.9930000e-01   2.5700000e-01
   3.3460000e-01   4.3700000e-01
   6.0900000e-01   1.4330000e-01
   3.4500000e-02   6.3500000e-01
   3.7290000e-01   2.6330000e-01
   3.8480000e-01   3.1000000e-01
   5.9180000e-01   2.5200000e-02
   2.3250000e-01   2.1140000e-01
   4.3780000e-01   4.4620000e-01
   4.4100000e-01   4.8060000e-01
   2.3820000e-01   6.6660000e-01
   2.3800000e-01   6.4080000e-01
   5.3670000e-01   3.4890000e-01
   1.8970000e-01   1.1100000e-01
   1.7030000e-01   4.7340000e-01
   7.2860000e-01   2.1050000e-01
   5.1480000e-01   2.6090000e-01
   8.0200000e-02   7.5410000e-01
   4.8160000e-01   5.2900000e-02
   2.3870000e-01   5.0160000e-01
   8.0000000e-04   5.8520000e-01
   1.4580000e-01   4.6110000e-01
   2.4870000e-01   5.6430000e-01
   3.0230000e-01   5.3790000e-01
   6.1260000e-01   9.5000000e-03
   1.8130000e-01   3.6000000e-01
   1.1920000e-01   2.2770000e-01
   3.4130000e-01   5.3910000e-01
   5.2460000e-01   4.6140000e-01
   4.8540000e-01   4.1140000e-01
   2.1410000e-01   4.7730000e-01
   4.5660000e-01   4.7430000e-01
   4.7860000e-01   5.0950000e-01
   7.0540000e-01   1.0210000e-01
   2.8570000e-01   3.1120000e-01
   1.6720000e-01   6.7220000e-01
   5.6080000e-01   1.8710000e-01
   1.8420000e-01   3.8610000e-01
   2.7040000e-01   4.3170000e-01
   1.5600000e-01   6.5780000e-01
   7.2790000e-01   2.1570000e-01
   1.8860000e-01   4.8030000e-01
   1.7040000e-01   4.7230000e-01
   9.4000000e-02   7.0030000e-01
   4.3010000e-01   3.4800000e-02
   2.8360000e-01   3.9510000e-01
   7.7180000e-01   1.8700000e-01
   5.2500000e-02   5.5400000e-01
   5.1550000e-01   2.9310000e-01
   1.2570000e-01   3.1020000e-01
   4.0880000e-01   1.2520000e-01
   6.1030000e-01   9.1800000e-02
   1.8530000e-01   4.1920000e-01
   3.9020000e-01   3.7360000e-01
   3.3560000e-01   6.4260000e-01
   4.5310000e-01   3.4910000e-01
   4.1200000e-01   4.0530000e-01
   3.9200000e-02   8.3790000e-01
   4.0460000e-01   2.5250000e-01
   4.2250000e-01   4.7060000e-01
   3.5910000e-01   5.0600000e-01
   5.0950000e-01   4.9700000e-02
   4.1290000e-01   1.1070000e-01
   1.8500000e-01   3.1280000e-01
   2.0990000e-01   2.1890000e-01
   5.4210000e-01   3.1370000e-01
   4.0590000e-01   1.5700000e-01
   3.7780000e-01   1.5220000e-01
   1.6820000e-01   4.7200000e-01
   4.2760000e-01   3.1100000e-01
   2.7260000e-01   3.8800000e-02
   3.9220000e-01   1.0780000e-01
   2.5090000e-01   2.4760000e-01
   3.1180000e-01   3.8300000e-01
   4.3800000e-02   2.6410000e-01
   1.6790000e-01   4.2730000e-01
   4.6040000e-01   1.0430000e-01
   4.7380000e-01   3.4700000e-01
   1.9510000e-01   6.0170000e-01
   4.8760000e-01   4.8240000e-01
   2.7120000e-01   2.6000000e-01
   2.5970000e-01   5.3010000e-01
   3.0300000e-02   6.3920000e-01
   2.4960000e-01   3.5520000e-01
   3.1010000e-01   3.0750000e-01
   5.1470000e-01   3.3840000e-01
   3.0570000e-01   3.7080000e-01
   2.2350000e-01   2.7100000e-01
   3.0300000e-01   4.6740000e-01
   1.0370000e-01   3.0010000e-01
   1.8380000e-01   7.5320000e-01
   3.6650000e-01   1.6530000e-01
   3.1460000e-01   4.5930000e-01
   3.6620000e-01   4.1140000e-01
   2.8540000e-01   4.3860000e-01
   7.6860000e-01   1.8350000e-01
   1.2970000e-01   3.3020000e-01
   4.3670000e-01   4.0210000e-01
   2.1310000e-01   1.6000000e-02
   4.2880000e-01   9.1600000e-02
   4.7280000e-01   1.2340000e-01
   4.1520000e-01   3.6950000e-01
   3.6850000e-01   1.4080000e-01
   2.9190000e-01   5.3530000e-01
   2.7380000e-01   4.9830000e-01
   3.7060000e-01   4.2040000e-01
   1.7910000e-01   3.4490000e-01
   5.4530000e-01   4.0650000e-01
   4.7140000e-01   3.4990000e-01
   1.6720000e-01   1.3490000e-01
   3.9180000e-01   4.7050000e-01
   6.4510000e-01   2.7360000e-01
   2.7800000e-01   3.7720000e-01
   6.7700000e-02   7.2750000e-01
   7.0320000e-01   7.9900000e-02
   1.2870000e-01   4.0820000e-01
   2.2340000e-01   5.1990000e-01
   5.1980000e-01   3.1980000e-01
   5.6270000e-01   5.2500000e-02
   1.8220000e-01   5.6810000e-01
   4.2510000e-01   2.8990000e-01
   1.6830000e-01   3.9710000e-01
   3.4690000e-01   6.0700000e-01
   7.7200000e-02   5.9120000e-01
   4.8410000e-01   4.0790000e-01
   2.4970000e-01   5.1860000e-01
   4.7560000e-01   3.4120000e-01
   7.5600000e-02   4.3490000e-01
   2.5500000e-02   1.8760000e-01
   3.2660000e-01   1.6390000e-01
   8.4940000e-01   1.1150000e-01
   4.8770000e-01   4.3490000e-01
   3.0150000e-01   5.0550000e-01
   4.0810000e-01   2.9940000e-01
   2.9830000e-01   5.2680000e-01
   5.0450000e-01   2.1370000e-01
   5.2350000e-01   3.8170000e-01
   4.3840000e-01   1.5680000e-01
   3.0970000e-01   3.7490000e-01
   4.6700000e-02   4.9460000e-01
   4.7690000e-01   4.0160000e-01
   1.5650000e-01   4.9280000e-01
   4.8150000e-01   2.3580000e-01
   3.2960000e-01   1.4060000e-01
   3.4680000e-01   5.6870000e-01
   3.2710000e-01   4.7780000e-01
   3.7110000e-01   3.6770000e-01
   3.0770000e-01   4.9240000e-01
   1.0610000e-01   1.6540000e-01
   4.6400000e-01   3.2350000e-01
   4.6750000e-01   2.7800000e-01
   4.0070000e-01   5.8370000e-01
   1.6980000e-01   5.7900000e-01
   6.1930000e-01   2.4980000e-01
   7.3740000e-01   2.5140000e-01
   4.0970000e-01   3.2230000e-01
   2.2240000e-01   4.7840000e-01
   4.1340000e-01   2.9570000e-01
   2.7070000e-01   1.7220000e-01
   3.2850000e-01   5.0500000e-01
   9.6700000e-02   3.4380000e-01
   2.6710000e-01   1.5050000e-01
   4.5540000e-01   4.6470000e-01
   7.6100000e-02   1.9200000e-01
   4.3610000e-01   3.3520000e-01
   1.6490000e-01   4.6780000e-01
   1.7430000e-01   3.9910000e-01
   4.7870000e-01   4.3240000e-01
   4.8770000e-01   5.1220000e-01
   1.7760000e-01   4.4820000e-01
   3.0610000e-01   5.1400000e-02
   5.6790000e-01   2.4610000e-01
   5.6000000e-01   3.1330000e-01
   4.7270000e-01   4.4300000e-02
   1.6920000e-01   6.4760000e-01
   2.2990000e-01   4.7560000e-01
   5.0360000e-01   1.6530000e-01
   2.4240000e-01   3.2900000e-01
   6.4530000e-01   2.1160000e-01
   7.8200000e-02   7.6750000e-01
   6.1820000e-01   5.7800000e-02
   8.3500000e-01   8.8500000e-02
   9.3000000e-03   5.2640000e-01
   8.2500000e-02   5.6900000e-01
   3.8310000e-01   3.3200000e-01
   3.4390000e-01   1.0580000e-01
   5.8660000e-01   2.1460000e-01
   3.9680000e-01   5.1130000e-01
   1.3660000e-01   6.5560000e-01
   7.2370000e-01   2.2340000e-01
   2.0340000e-01   4.3900000e-01
   2.4630000e-01   3.1500000e-01
   4.0610000e-01   4.3230000e-01
   1.3210000e-01   4.1320000e-01
   2.2880000e-01   3.8230000e-01
   5.5810000e-01   1.3990000e-01
   3.4900000e-02   5.8800000e-01
   1.8510000e-01   7.0000000e-04
   8.3000000e-03   5.0300000e-01
   4.2400000e-02   5.5260000e-01
   2.9190000e-01   2.1800000e-01
   3.1740000e-01   2.7920000e-01
   3.3360000e-01   2.9100000e-01
   3.5360000e-01   2.7800000e-01
   2.4980000e-01   6.8640000e-01
   3.2310000e-01   3.7230000e-01
   2.8700000e-02   6.2960000e-01
   2.5150000e-01   4.3690000e-01
   4.7560000e-01   3.4410000e-01
   4.9070000e-01   4.8820000e-01
   3.9250000e-01   2.7770000e-01
   3.7410000e-01   1.1230000e-01
   3.7160000e-01   5.7010000e-01
   1.5000000e-02   5.0790000e-01
   6.3150000e-01   3.6710000e-01
   6.7210000e-01   2.4720000e-01
   3.3000000e-02   9.4010000e-01
   1.1650000e-01   2.4360000e-01
   3.3370000e-01   2.5480000e-01
   4.3910000e-01   4.2930000e-01
   5.8110000e-01   3.6110000e-01
   2.5650000e-01   4.5890000e-01
   1.9560000e-01   4.3030000e-01
   3.1240000e-01   3.7970000e-01
   4.4990000e-01   7.7200000e-02
   1.8640000e-01   4.1330000e-01
   1.8980000e-01   4.7760000e-01
   4.4100000e-01   4.2780000e-01
   4.7810000e-01   2.0500000e-01
   3.8910000e-01   5.9000000e-01
   7.5050000e-01   1.8350000e-01
   4.6300000e-02   4.5430000e-01
   2.2930000e-01   3.6330000e-01
   2.4260000e-01   3.0640000e-01
   2.3240000e-01   1.9760000e-01
   6.4500000e-02   2.7740000e-01
   3.3010000e-01   4.0400000e-02
   2.9050000e-01   4.7190000e-01
   2.8610000e-01   1.1210000e-01
   2.9670000e-01   1.6540000e-01
   4.6740000e-01   4.5040000e-01
   1.5290000e-01   6.7420000e-01
   6.0860000e-01   3.6330000e-01
   4.4980000e-01   2.5620000e-01
   2.0090000e-01   4.3540000e-01
   4.1190000e-01   1.9610000e-01
   3.3410000e-01   2.8600000e-01
   3.5180000e-01   3.9140000e-01
   4.0740000e-01   6.1900000e-02
   3.7280000e-01   5.5540000e-01
   2.6600000e-02   4.9010000e-01
   8.5850000e-01   8.5000000e-03
   4.1330000e-01   1.4510000e-01
   5.2370000e-01   3.6240000e-01
   1.6160000e-01   3.8350000e-01
   3.5230000e-01   4.7920000e-01
   1.9620000e-01   4.6420000e-01
   2.6000000e-01   3.7570000e-01
   3.5900000e-01   4.0610000e-01
   2.6980000e-01   4.4600000e-01
   4.3370000e-01   4.1750000e-01
   3.7950000e-01   1.5610000e-01
   1.5710000e-01   1.4080000e-01
   3.0410000e-01   8.3000000e-03
   1.4350000e-01   4.0600000e-01
   3.5770000e-01   3.0570000e-01
   3.7000000e-02   3.9960000e-01
   3.3470000e-01   5.4540000e-01
   6.7880000e-01   9.9300000e-02
   1.2700000e-02   8.5980000e-01
   3.8840000e-01   4.3160000e-01
   9.6020000e-01   5.9000000e-03
   2.2300000e-02   7.1210000e-01
   4.5610000e-01   4.2370000e-01
   4.9600000e-01   1.3570000e-01
   2.4500000e-02   5.9000000e-03
   3.4930000e-01   2.2070000e-01
   3.4430000e-01   5.0580000e-01
   2.2110000e-01   3.9870000e-01
   1.0720000e-01   3.0380000e-01
   3.9700000e-01   3.5700000e-01
   4.8980000e-01   3.9500000e-02
   1.5460000e-01   4.1900000e-01
   4.8660000e-01   1.8750000e-01
   3.8100000e-01   6.6800000e-02
   2.8210000e-01   2.3090000e-01
   3.1230000e-01   4.5100000e-01
   2.3280000e-01   3.5700000e-01
   2.9270000e-01   5.1210000e-01
   3.3070000e-01   5.0160000e-01
   2.0140000e-01   3.9340000e-01
   1.8850000e-01   5.1450000e-01
   4.4010000e-01   4.3990000e-01
   4.2070000e-01   4.6580000e-01
   6.7160000e-01   1.6600000e-01
   4.9170000e-01   2.4670000e-01
   8.4700000e-02   3.9970000e-01
   2.6530000e-01   4.9090000e-01
   5.7750000e-01   3.4340000e-01
   4.3400000e-01   5.3210000e-01
   4.9770000e-01   2.2480000e-01
   5.1000000e-02   2.6240000e-01
   1.1630000e-01   4.8240000e-01
   3.5170000e-01   2.2990000e-01
   2.8230000e-01   3.5330000e-01
   2.2920000e-01   1.9280000e-01
   8.4390000e-01   1.3640000e-01
   3.7480000e-01   3.5730000e-01
   2.9620000e-01   2.9910000e-01
   2.5830000e-01   4.9490000e-01
   3.8090000e-01   4.5300000e-01
   9.6500000e-02   3.9900000e-01
   1.6620000e-01   3.7120000e-01
   2.9130000e-01   5.0370000e-01
   1.0620000e-01   7.3220000e-01
   4.0770000e-01   4.1470000e-01
   2.2230000e-01   3.0690000e-01
   3.5870000e-01   2.8530000e-01
   5.1560000e-01   1.1290000e-01
   2.6730000e-01   6.3800000e-01
   4.3530000e-01   4.8390000e-01
   6.1150000e-01   2.4780000e-01
   3.2240000e-01   2.3790000e-01
   5.9680000e-01   3.7600000e-01
   3.7020000e-01   4.7690000e-01
   5.5790000e-01   4.2800000e-02
   5.5340000e-01   5.0000000e-03
   1.1660000e-01   5.2850000e-01
   3.8300000e-01   3.8200000e-01
   7.1700000e-01   1.1430000e-01
   6.2640000e-01   3.6230000e-01
   3.3210000e-01   1.5340000e-01
   2.5570000e-01   5.1200000e-01
   4.7600000e-01   2.4530000e-01
   1.1340000e-01   3.4960000e-01
   2.3040000e-01   5.3830000e-01
   5.6100000e-01   4.2830000e-01
   4.0610000e-01   3.6410000e-01
   4.5370000e-01   1.6530000e-01
   2.7000000e-01   7.0930000e-01
   7.4100000e-02   2.8350000e-01
   5.4600000e-02   2.4580000e-01
   4.2290000e-01   3.8610000e-01
   3.6740000e-01   2.2440000e-01
   2.4190000e-01   3.8990000e-01
   3.2470000e-01   2.3830000e-01
   9.4200000e-02   1.3080000e-01
   3.1230000e-01   3.1140000e-01
   8.5900000e-02   8.0050000e-01
   1.8480000e-01   6.9750000e-01
   3.6630000e-01   1.1740000e-01
   4.1960000e-01   4.3530000e-01
   3.2690000e-01   4.6810000e-01
   2.5870000e-01   5.7170000e-01
   3.0340000e-01   3.2530000e-01
   2.6370000e-01   2.6000000e-01
   6.4620000e-01   2.8290000e-01
   2.2640000e-01   4.8040000e-01
   4.1000000e-01   4.0090000e-01
   2.6300000e-01   3.7460000e-01
   4.8430000e-01   3.7420000e-01
   5.3160000e-01   3.1600000e-01
   1.1530000e-01   4.2230000e-01
   3.1950000e-01   3.5560000e-01
   2.3470000e-01   2.0580000e-01
   6.9400000e-02   2.7580000e-01
   2.4800000e-01   6.8360000e-01
   2.8050000e-01   5.8190000e-01
   5.3150000e-01   4.1000000e-03
   8.5660000e-01   3.2000000e-03
   6.1470000e-01   3.3830000e-01
   5.6340000e-01   2.7590000e-01
   6.1120000e-01   3.7230000e-01
   6.0520000e-01   7.4200000e-02
   3.8410000e-01   5.2710000e-01
   5.0310000e-01   2.5610000e-01
   6.7500000e-02   6.2110000e-01
   2.2760000e-01   1.8530000e-01
   2.1410000e-01   5.6540000e-01
   4.5100000e-01   1.2130000e-01
   3.3000000e-03   5.9120000e-01
   3.5930000e-01   3.6720000e-01
   2.6260000e-01   3.6720000e-01
   2.1750000e-01   4.1410000e-01
   5.0630000e-01   4.2400000e-02
   2.3860000e-01   1.8660000e-01
   3.3260000e-01   2.6150000e-01
   1.9840000e-01   2.1400000e-01
   4.0590000e-01   4.2610000e-01
   5.0240000e-01   6.5300000e-02
   1.3600000e-01   6.6840000e-01
   6.2360000e-01   2.9760000e-01
   2.8080000e-01   5.6060000e-01
   2.9330000e-01   3.1610000e-01
   5.7920000e-01   1.3990000e-01
   3.0500000e-02   4.5630000e-01
   4.2470000e-01   1.4970000e-01
   3.0850000e-01   5.0000000e-04
   3.9040000e-01   1.3860000e-01
   4.6400000e-01   4.0640000e-01
   5.2560000e-01   5.8200000e-02
   2.5670000e-01   5.2590000e-01
   5.1860000e-01   1.9440000e-01
   3.6300000e-01   5.1400000e-01
   1.3700000e-01   8.1980000e-01
   1.5780000e-01   5.7800000e-01
   5.9370000e-01   2.9590000e-01
   2.9900000e-01   3.4670000e-01
   4.6190000e-01   4.5030000e-01
   4.9170000e-01   3.5280000e-01
   6.1480000e-01   3.4250000e-01
   3.9240000e-01   2.0630000e-01
   2.3030000e-01   1.0290000e-01
   1.0240000e-01   4.9220000e-01
   2.6410000e-01   2.9200000e-02
   1.8490000e-01   9.6200000e-02
   2.5260000e-01   2.6330000e-01
   1.3410000e-01   3.1460000e-01
   6.7660000e-01   6.7500000e-02
   4.2750000e-01   3.6970000e-01
   8.5100000e-02   4.6320000e-01
   3.5040000e-01   5.5730000e-01
   1.9710000e-01   1.8000000e-03
   9.8000000e-03   7.7850000e-01
   4.0910000e-01   3.4850000e-01
   7.1400000e-02   8.2960000e-01
   3.7370000e-01   5.6570000e-01
   4.3760000e-01   4.0900000e-01
   3.3270000e-01   2.8930000e-01
   5.3090000e-01   3.5930000e-01
   1.2680000e-01   5.2090000e-01
   3.0280000e-01   2.1260000e-01
   5.3940000e-01   9.4400000e-02
   2.6760000e-01   5.1470000e-01
   4.5420000e-01   4.9080000e-01
   3.1380000e-01   5.5350000e-01
   3.9040000e-01   3.9640000e-01
   5.2000000e-03   1.1150000e-01
   3.0630000e-01   2.9210000e-01
   7.4280000e-01   1.6700000e-02
   1.0690000e-01   4.5190000e-01
   4.0490000e-01   1.0100000e-02
   3.2140000e-01   1.9190000e-01
   3.2800000e-01   5.3410000e-01
   4.8380000e-01   4.7970000e-01
   3.3400000e-01   8.7300000e-02
   1.4550000e-01   3.9000000e-03
   2.0530000e-01   2.5420000e-01
   3.3080000e-01   2.1340000e-01
   2.3160000e-01   3.2540000e-01
   3.2900000e-01   2.2750000e-01
   3.3400000e-01   1.8860000e-01
   3.3940000e-01   1.5890000e-01
   3.3270000e-01   3.9730000e-01
   4.2220000e-01   4.4460000e-01
   2.9070000e-01   1.6250000e-01
   2.1330000e-01   3.9890000e-01
   2.1990000e-01   3.1150000e-01
   1.8850000e-01   4.7880000e-01
   2.2540000e-01   5.2550000e-01
   2.9590000e-01   6.0950000e-01
   3.1650000e-01   3.3800000e-01
   4.6860000e-01   4.2350000e-01
   1.7040000e-01   4.7560000e-01
   2.9010000e-01   5.6100000e-02
   3.5950000e-01   9.1000000e-02
   1.0260000e-01   4.4700000e-01
   1.6160000e-01   3.5260000e-01
   2.0620000e-01   2.6680000e-01
   5.7820000e-01   2.1490000e-01
   2.0000000e-03   3.9940000e-01
   4.8220000e-01   2.8180000e-01
   3.3200000e-02   4.2350000e-01
   1.7910000e-01   5.4720000e-01
   4.6310000e-01   3.5200000e-02
   7.6700000e-02   6.1120000e-01
   6.9210000e-01   2.1960000e-01
   2.3770000e-01   3.6370000e-01
   9.6200000e-02   6.2710000e-01
   3.2230000e-01   3.3980000e-01
   4.0090000e-01   1.9760000e-01
   1.3010000e-01   6.5850000e-01
   4.4850000e-01   4.5970000e-01
   1.7720000e-01   2.4560000e-01
   1.9430000e-01   4.4040000e-01
   4.5020000e-01   2.7880000e-01
   5.2380000e-01   4.5220000e-01
   1.2630000e-01   7.7450000e-01
   2.1690000e-01   1.2870000e-01
   4.2960000e-01   1.6370000e-01
   4.0470000e-01   3.7760000e-01
   5.8980000e-01   2.9840000e-01
   4.6570000e-01   4.3510000e-01
   2.9770000e-01   2.6800000e-02
   6.3350000e-01   2.1560000e-01
   2.2390000e-01   3.2860000e-01
   1.5230000e-01   8.4600000e-01
   2.6170000e-01   3.0570000e-01
   4.0990000e-01   2.5870000e-01
   7.0350000e-01   2.1230000e-01
   3.1870000e-01   4.4350000e-01
   4.8610000e-01   1.6240000e-01
   5.0250000e-01   2.2980000e-01
   6.7910000e-01   3.4600000e-02
   6.7050000e-01   2.9600000e-01
   3.7930000e-01   4.8510000e-01
   3.3670000e-01   5.3410000e-01
   3.2910000e-01   1.6180000e-01
   4.2140000e-01   1.9520000e-01
   1.0220000e-01   6.7530000e-01
   3.9500000e-02   2.9490000e-01
   1.3880000e-01   4.4050000e-01
   1.2060000e-01   4.7480000e-01
   1.7790000e-01   6.6700000e-01
   3.3540000e-01   3.5630000e-01
   3.0930000e-01   4.0130000e-01
   1.6600000e-01   8.1610000e-01
   5.6470000e-01   2.8480000e-01
   3.9060000e-01   3.1200000e-01
   3.0810000e-01   4.4490000e-01
   1.5780000e-01   6.1190000e-01
   4.7980000e-01   3.2890000e-01
   4.0180000e-01   5.1960000e-01
   3.1170000e-01   1.7650000e-01
   3.5460000e-01   1.3820000e-01
   4.2750000e-01   1.9820000e-01
   1.8080000e-01   3.4200000e-02
   4.3610000e-01   5.1600000e-02
   3.8420000e-01   1.5870000e-01
   4.7310000e-01   5.0060000e-01
   2.4740000e-01   2.2560000e-01
   1.2210000e-01   4.4180000e-01
   2.9900000e-02   3.7150000e-01
   3.2720000e-01   5.1620000e-01
   9.9800000e-02   3.1350000e-01
   1.5450000e-01   7.7530000e-01
   3.8650000e-01   3.6160000e-01
   1.2610000e-01   3.9010000e-01
   1.7150000e-01   4.0860000e-01
   5.2990000e-01   2.7840000e-01
   3.2000000e-01   3.5270000e-01
   3.4130000e-01   5.1060000e-01
   2.9240000e-01   3.1930000e-01
   4.8310000e-01   2.6290000e-01
   5.7510000e-01   9.0300000e-02
   3.1380000e-01   3.1140000e-01
   3.1850000e-01   2.6780000e-01
   2.5380000e-01   4.7040000e-01
   2.2920000e-01   2.8190000e-01
   5.0190000e-01   1.8300000e-01
   1.7180000e-01   7.4890000e-01
   3.4750000e-01   1.0110000e-01
   6.6730000e-01   6.6900000e-02
   2.0890000e-01   5.3850000e-01
   3.9730000e-01   4.8150000e-01
   3.3170000e-01   2.8170000e-01
   3.6820000e-01   4.0000000e-01
   3.7480000e-01   2.4590000e-01
   6.1040000e-01   2.0850000e-01
   3.0830000e-01   3.8630000e-01
   2.1140000e-01   4.9390000e-01
   1.6160000e-01   3.5130000e-01
   2.8630000e-01   2.8670000e-01
   4.4900000e-01   2.7390000e-01
   2.1720000e-01   7.1820000e-01
   2.8830000e-01   3.9790000e-01
   3.9420000e-01   5.5570000e-01
   2.2750000e-01   3.1780000e-01
   4.2200000e-01   1.5260000e-01
   5.9800000e-02   6.0090000e-01
   2.3910000e-01   3.7340000e-01
   2.7600000e-02   4.3150000e-01
   4.8230000e-01   1.7860000e-01
   4.5280000e-01   2.8100000e-02
   4.5100000e-01   5.0220000e-01
   3.4420000e-01   3.9990000e-01
   4.5360000e-01   7.8000000e-03
   8.1500000e-02   2.8260000e-01
   7.6000000e-02   7.3120000e-01
   7.5900000e-02   3.1450000e-01
   3.4390000e-01   3.3050000e-01
   2.6060000e-01   2.6710000e-01
   6.0800000e-01   3.8220000e-01
   4.4290000e-01   3.1870000e-01
   2.4450000e-01   4.2210000e-01
   9.5800000e-02   3.9540000e-01
   4.4060000e-01   3.3780000e-01
   3.7580000e-01   2.7060000e-01
   3.1100000e-01   4.8830000e-01
   2.9900000e-01   6.7290000e-01
   1.9500000e-01   5.8510000e-01
   3.3010000e-01   8.8500000e-02
   1.8350000e-01   6.8000000e-01
   9.0810000e-01   7.3500000e-02
   1.7530000e-01   7.4970000e-01
   3.3580000e-01   5.6640000e-01
   4.5640000e-01   2.9260000e-01
   3.9090000e-01   1.3360000e-01
   4.9380000e-01   2.1200000e-01
   4.2710000e-01   3.7730000e-01
   3.4510000e-01   3.8530000e-01
   4.5310000e-01   3.7150000e-01
   3.5250000e-01   3.0400000e-01
   1.1170000e-01   5.9030000e-01
   4.3560000e-01   4.7100000e-01
   3.6220000e-01   3.7050000e-01
   5.4760000e-01   2.2060000e-01
   2.4080000e-01   4.5930000e-01
   6.8010000e-01   8.1900000e-02
   3.9730000e-01   9.1200000e-02
   5.1130000e-01   3.1910000e-01
   2.4040000e-01   3.1820000e-01
   3.6540000e-01   4.9760000e-01
   7.8600000e-02   3.3600000e-02
   1.9830000e-01   3.2480000e-01
   2.2910000e-01   2.7440000e-01
   3.9740000e-01   2.1600000e-01
   4.6160000e-01   3.4460000e-01
   2.3080000e-01   3.7980000e-01
   3.6990000e-01   3.5930000e-01
   8.1400000e-02   2.7070000e-01
   3.7080000e-01   1.8570000e-01
   4.4740000e-01   3.0650000e-01
   1.4530000e-01   2.7200000e-01
   3.1770000e-01   1.8020000e-01
   4.9450000e-01   3.9130000e-01
   3.5370000e-01   3.5860000e-01
   3.6940000e-01   3.1490000e-01
   2.6210000e-01   1.4220000e-01
   6.1170000e-01   2.2490000e-01
   2.1210000e-01   3.7190000e-01
   5.0800000e-02   7.8890000e-01
   3.0130000e-01   3.3940000e-01
   2.4800000e-01   5.2690000e-01
   4.4150000e-01   2.5580000e-01
   6.2740000e-01   2.3550000e-01
   3.0150000e-01   3.2030000e-01
   1.3240000e-01   7.1570000e-01
   3.8590000e-01   3.1380000e-01
   4.9700000e-01   3.5400000e-02
   2.1550000e-01   8.5800000e-02
   4.5760000e-01   5.9400000e-02
   1.1490000e-01   5.1320000e-01
   3.8640000e-01   1.5620000e-01
   1.8770000e-01   2.6830000e-01
   3.2170000e-01   2.9770000e-01
   2.8600000e-01   4.5430000e-01
   3.2750000e-01   1.6420000e-01
   4.5580000e-01   1.6560000e-01
   2.5210000e-01   1.6680000e-01
   1.2560000e-01   4.4660000e-01
   4.5400000e-01   4.7300000e-02
   3.2740000e-01   5.6490000e-01
   2.2900000e-01   5.0210000e-01
   3.4800000e-01   3.5710000e-01
   3.1130000e-01   1.3430000e-01
   2.5080000e-01   2.7760000e-01
   3.6080000e-01   2.5870000e-01
   4.9780000e-01   1.8360000e-01
   4.4400000e-01   6.9900000e-02
   2.1590000e-01   4.9820000e-01
   4.7080000e-01   3.9750000e-01
   3.5860000e-01   1.7320000e-01
   3.6000000e-01   3.7230000e-01
   5.2920000e-01   1.7660000e-01
   3.7170000e-01   5.0100000e-01
   5.0160000e-01   1.0000000e-04
   2.8610000e-01   2.7210000e-01
   3.4070000e-01   4.0060000e-01
   2.8620000e-01   4.8290000e-01
   1.7020000e-01   4.3780000e-01
   5.6600000e-02   8.6820000e-01
   3.8110000e-01   1.5060000e-01
   2.3300000e-02   4.7000000e-01
   1.2180000e-01   8.2350000e-01
   9.7100000e-02   6.8690000e-01
   1.4960000e-01   2.0130000e-01
   4.1560000e-01   3.1570000e-01
   4.4500000e-01   5.6300000e-02
   1.8350000e-01   5.3260000e-01
   8.4500000e-02   4.4760000e-01
   4.8570000e-01   4.5270000e-01
   2.4640000e-01   2.5800000e-01
   3.9950000e-01   2.4220000e-01
   1.3540000e-01   4.3970000e-01
   2.6870000e-01   5.5870000e-01
   7.0820000e-01   2.5010000e-01
   4.4840000e-01   1.1480000e-01
   3.3450000e-01   3.2240000e-01
   4.3330000e-01   2.1360000e-01
   2.9270000e-01   2.9320000e-01
   1.6280000e-01   2.7290000e-01
   2.1370000e-01   2.3390000e-01
   2.3350000e-01   3.0300000e-01
   2.7330000e-01   3.8990000e-01
   1.7320000e-01   7.2590000e-01
   3.6780000e-01   4.0350000e-01
   1.8930000e-01   2.9340000e-01
   5.2130000e-01   4.6290000e-01
   2.3900000e-01   2.8860000e-01
   3.1800000e-01   1.6300000e-01
   2.8880000e-01   3.0610000e-01
   2.8210000e-01   3.5780000e-01
   5.0400000e-01   4.6700000e-02
   1.0020000e-01   3.2160000e-01
   3.4240000e-01   1.0500000e-02
   4.8070000e-01   3.2760000e-01
   3.6880000e-01   5.3810000e-01
   2.8920000e-01   4.2300000e-01
   1.4500000e-01   8.4820000e-01
   6.9460000e-01   2.8280000e-01
   4.1970000e-01   9.5900000e-02
   1.7720000e-01   4.5470000e-01
   4.7160000e-01   9.0800000e-02
   3.5410000e-01   2.8700000e-01
   5.2280000e-01   2.7600000e-02
   2.9490000e-01   4.7500000e-02
   2.7430000e-01   1.9990000e-01
   1.1280000e-01   5.6030000e-01
   6.3520000e-01   2.4720000e-01
   3.5110000e-01   6.2140000e-01
   3.5970000e-01   2.4130000e-01
   3.9810000e-01   3.0070000e-01
   6.4700000e-01   2.7210000e-01
   3.3460000e-01   3.1920000e-01
   7.5200000e-02   4.4330000e-01
   1.7330000e-01   3.8740000e-01
   3.2870000e-01   1.3730000e-01
   6.6600000e-02   6.7110000e-01
   4.2670000e-01   2.5870000e-01
   4.3210000e-01   4.0670000e-01
   2.8320000e-01   2.5480000e-01
   3.6480000e-01   2.8100000e-01
   3.0970000e-01   3.7400000e-01
   3.9640000e-01   2.0780000e-01
   1.1670000e-01   2.8530000e-01
   3.2200000e-02   1.0470000e-01
   2.5680000e-01   1.2840000e-01
   4.8160000e-01   1.1110000e-01
   2.9970000e-01   4.2940000e-01
   3.9100000e-01   4.6260000e-01
   1.8080000e-01   4.3480000e-01
   3.5550000e-01   3.2320000e-01
   4.5690000e-01   2.6080000e-01
   3.5320000e-01   1.0530000e-01
   4.1390000e-01   1.7490000e-01
   1.2900000e-02   7.6910000e-01
   3.7320000e-01   5.9300000e-01
   4.4180000e-01   1.6700000e-02
   3.4590000e-01   1.6340000e-01
   6.1680000e-01   2.8030000e-01
   2.7200000e-02   8.3250000e-01
   7.4400000e-02   2.7040000e-01
   5.4340000e-01   3.2530000e-01
   3.1550000e-01   3.4940000e-01
   1.3890000e-01   3.8010000e-01
   3.7700000e-01   2.1160000e-01
   4.6600000e-01   1.8030000e-01
   3.5220000e-01   3.1900000e-01
   2.9430000e-01   4.5750000e-01
   9.5800000e-02   2.9090000e-01
   4.7000000e-02   3.2060000e-01
   3.4490000e-01   2.4470000e-01
   6.8930000e-01   1.2470000e-01
   3.8410000e-01   5.4800000e-01
   2.6090000e-01   1.8940000e-01
   6.4000000e-02   3.2720000e-01
   2.2630000e-01   1.5710000e-01
   5.2230000e-01   3.4450000e-01
   4.5190000e-01   4.1460000e-01
   5.3710000e-01   2.8200000e-01
   3.0300000e-02   2.7950000e-01
   8.2100000e-01   3.9400000e-02
   6.6400000e-02   6.4230000e-01
   3.1130000e-01   3.1740000e-01
   1.7010000e-01   4.7050000e-01
   6.4500000e-02   6.8200000e-02
   3.4960000e-01   3.3550000e-01
   5.1060000e-01   4.6170000e-01
   3.0740000e-01   6.8730000e-01
   6.2070000e-01   6.6500000e-02
   3.1300000e-01   5.9770000e-01
   5.9240000e-01   3.8200000e-01
   2.4520000e-01   5.7080000e-01
   4.5570000e-01   4.3130000e-01
   4.3230000e-01   3.1030000e-01
   1.0120000e-01   4.3460000e-01
   3.6250000e-01   5.8760000e-01
   2.2900000e-01   1.0120000e-01
   2.3550000e-01   5.6480000e-01
   5.0000000e-01   3.5900000e-02
   1.1660000e-01   2.5170000e-01
   1.6960000e-01   1.0780000e-01
   3.2310000e-01   1.6660000e-01
   4.4740000e-01   4.7730000e-01
   5.2120000e-01   1.7550000e-01
   5.3600000e-01   1.6140000e-01
   3.7090000e-01   4.9300000e-02
   6.6200000e-02   4.6850000e-01
   3.1510000e-01   4.8190000e-01
   3.2940000e-01   2.2960000e-01
   3.4300000e-01   4.5100000e-01
   3.2340000e-01   3.1120000e-01
   1.0770000e-01   3.0860000e-01
   5.4560000e-01   2.8550000e-01
   4.8740000e-01   2.6390000e-01
   1.2320000e-01   3.1900000e-02
   3.8790000e-01   2.0280000e-01
   1.0370000e-01   5.3750000e-01
   2.5890000e-01   4.2590000e-01
   1.1710000e-01   4.0720000e-01
   2.7850000e-01   4.1820000e-01
   4.4780000e-01   1.1840000e-01
   2.3750000e-01   4.3400000e-01
   2.0080000e-01   9.4600000e-02
   2.6110000e-01   5.0490000e-01
   4.0000000e-01   2.8570000e-01
   4.5730000e-01   3.8220000e-01
   1.1400000e-02   5.5310000e-01
   3.3350000e-01   3.5850000e-01
   3.3000000e-02   3.1490000e-01
   8.7600000e-02   1.1740000e-01
   4.0590000e-01   2.6500000e-01
   7.9310000e-01   5.3800000e-02
   2.5040000e-01   2.6270000e-01
   7.2900000e-02   4.8870000e-01
   4.0340000e-01   4.9850000e-01
   2.6660000e-01   2.2160000e-01
   2.2150000e-01   4.5930000e-01
   4.4380000e-01   1.8060000e-01
   2.2660000e-01   5.9100000e-01
   3.3420000e-01   3.6780000e-01
   1.5480000e-01   4.8480000e-01
   4.7160000e-01   1.2500000e-02
   2.3240000e-01   1.2150000e-01
   3.3310000e-01   3.2290000e-01
   4.5030000e-01   4.4100000e-01
   5.5570000e-01   3.7180000e-01
   4.7490000e-01   2.3670000e-01
   1.1080000e-01   1.7730000e-01
   2.1780000e-01   2.3940000e-01
   2.3900000e-01   6.5950000e-01
   9.2300000e-02   2.9320000e-01
   1.4730000e-01   4.1840000e-01
   4.8830000e-01   8.5600000e-02
   3.8600000e-02   4.9510000e-01
   2.1000000e-01   6.0820000e-01
   6.9600000e-02   1.5880000e-01
   4.5090000e-01   2.6130000e-01
   3.1430000e-01   2.8920000e-01
   1.7710000e-01   4.8340000e-01
   1.9370000e-01   3.7480000e-01
   8.3700000e-01   3.3500000e-02
