   3.4400000e-01   1.4010000e-01
   5.1400000e-02   4.4590000e-01
   3.7100000e-01   3.2140000e-01
   1.6670000e-01   4.1770000e-01
   3.3780000e-01   4.1840000e-01
   3.2490000e-01   2.7900000e-01
   5.1000000e-02   2.1230000e-01
   6.2100000e-02   3.8560000e-01
   6.0700000e-01   8.1300000e-02
   5.0650000e-01   4.5890000e-01
   6.2150000e-01   1.3230000e-01
   2.2800000e-01   4.2430000e-01
   9.5500000e-02   4.2030000e-01
   4.4220000e-01   7.9000000e-02
   4.3690000e-01   1.2840000e-01
   3.2770000e-01   4.6290000e-01
   2.5340000e-01   3.5680000e-01
   1.4070000e-01   2.1750000e-01
   1.3000000e-01   1.8310000e-01
   7.4980000e-01   2.0960000e-01
   4.7940000e-01   1.9970000e-01
   5.5900000e-01   3.5620000e-01
   2.8000000e-01   1.8380000e-01
   7.4700000e-02   3.8740000e-01
   3.2000000e-03   5.9220000e-01
   2.9640000e-01   1.2820000e-01
   3.7500000e-02   4.6980000e-01
   5.7960000e-01   3.4920000e-01
   3.7730000e-01   5.3670000e-01
   5.7730000e-01   3.8770000e-01
   3.9740000e-01   2.7570000e-01
   6.6290000e-01   2.1390000e-01
   6.2430000e-01   3.1120000e-01
   7.2200000e-02   5.2270000e-01
   5.1160000e-01   2.8560000e-01
   1.9140000e-01   5.9230000e-01
   3.0990000e-01   1.5740000e-01
   3.0290000e-01   3.6650000e-01
   1.2320000e-01   4.4280000e-01
   3.0670000e-01   9.3300000e-02
   5.2600000e-02   4.3970000e-01
   2.2900000e-01   3.0430000e-01
   6.9000000e-01   1.2220000e-01
   3.9060000e-01   4.0830000e-01
   4.7380000e-01   3.6810000e-01
   2.3910000e-01   5.5960000e-01
   5.8590000e-01   1.9790000e-01
   2.0430000e-01   2.8650000e-01
   1.6390000e-01   4.7700000e-01
   3.8350000e-01   1.7220000e-01
   2.2480000e-01   3.8500000e-01
   3.2460000e-01   5.5020000e-01
   6.1830000e-01   1.3580000e-01
   3.1520000e-01   3.4080000e-01
   1.0960000e-01   3.1470000e-01
   1.7070000e-01   6.7200000e-01
   3.0260000e-01   1.6130000e-01
   6.7920000e-01   2.6920000e-01
   1.0210000e-01   4.7290000e-01
   4.1040000e-01   4.1510000e-01
   3.9360000e-01   2.8060000e-01
   1.7160000e-01   2.8430000e-01
   1.6460000e-01   3.7080000e-01
   4.2070000e-01   6.7800000e-02
   6.7840000e-01   3.5300000e-02
   2.4350000e-01   2.6320000e-01
   1.7770000e-01   3.9970000e-01
   1.3220000e-01   3.6020000e-01
   3.6310000e-01   1.4000000e-01
   4.8150000e-01   9.8500000e-02
   2.2990000e-01   6.1600000e-01
   4.4000000e-02   5.1880000e-01
   2.7830000e-01   3.3310000e-01
   1.0720000e-01   6.3150000e-01
   6.1740000e-01   2.6000000e-02
   4.2790000e-01   2.8740000e-01
   3.9380000e-01   4.3480000e-01
   2.5080000e-01   3.3060000e-01
   2.5070000e-01   6.4840000e-01
   2.7840000e-01   4.3950000e-01
   2.9600000e-01   4.2550000e-01
   1.4680000e-01   8.2830000e-01
   4.5610000e-01   4.8680000e-01
   2.9610000e-01   4.4840000e-01
   2.8300000e-02   5.5960000e-01
   4.0560000e-01   4.8920000e-01
   3.4200000e-01   3.2090000e-01
   2.3140000e-01   3.1920000e-01
   1.5240000e-01   4.3730000e-01
   4.3200000e-02   3.7940000e-01
   4.0500000e-01   3.7270000e-01
   6.5640000e-01   1.8600000e-02
   3.0050000e-01   3.8840000e-01
   5.4740000e-01   1.2830000e-01
   7.3410000e-01   2.3290000e-01
   4.5560000e-01   4.5020000e-01
   1.0230000e-01   3.0080000e-01
   6.0240000e-01   1.4780000e-01
   3.3610000e-01   4.1300000e-01
   5.1320000e-01   3.1250000e-01
   6.9930000e-01   7.1700000e-02
   2.5730000e-01   4.1380000e-01
   5.1410000e-01   3.9380000e-01
   6.1600000e-02   4.6650000e-01
   1.8720000e-01   5.6990000e-01
   4.4860000e-01   2.4980000e-01
   7.8500000e-02   5.2520000e-01
   5.4730000e-01   1.3390000e-01
   2.3980000e-01   6.2950000e-01
   3.9970000e-01   3.9860000e-01
   4.4260000e-01   1.8850000e-01
   4.3480000e-01   2.8540000e-01
   6.1300000e-02   3.6880000e-01
   3.0520000e-01   3.0810000e-01
   3.8690000e-01   2.0200000e-02
   2.6550000e-01   3.3500000e-01
   4.6700000e-02   2.9250000e-01
   4.7980000e-01   2.9860000e-01
   1.7440000e-01   6.0730000e-01
   3.5920000e-01   3.0070000e-01
   6.8510000e-01   5.0800000e-02
   3.2880000e-01   4.9100000e-01
   5.5000000e-02   4.6880000e-01
   1.5370000e-01   5.0240000e-01
   2.9250000e-01   4.0550000e-01
   4.6380000e-01   1.0470000e-01
   6.2550000e-01   1.5880000e-01
   1.3750000e-01   4.3250000e-01
   9.1000000e-02   4.0620000e-01
   1.0410000e-01   4.2740000e-01
   6.1760000e-01   2.7250000e-01
   1.0640000e-01   3.8590000e-01
   4.9620000e-01   3.1550000e-01
   3.5860000e-01   2.4720000e-01
   5.4820000e-01   2.3260000e-01
   3.7760000e-01   3.2400000e-02
   4.0420000e-01   2.1860000e-01
   7.7400000e-02   5.2390000e-01
   3.7590000e-01   3.7500000e-01
   5.9450000e-01   3.2880000e-01
   8.9400000e-02   4.2350000e-01
   1.1080000e-01   5.0570000e-01
   4.0940000e-01   2.4850000e-01
   7.8620000e-01   1.7900000e-02
   5.4150000e-01   3.0930000e-01
   4.5320000e-01   1.8200000e-02
   1.1210000e-01   5.4580000e-01
   1.0010000e-01   4.3550000e-01
   3.4200000e-01   3.3320000e-01
   3.7420000e-01   5.7620000e-01
   5.2570000e-01   1.5440000e-01
   4.2430000e-01   4.8700000e-02
   3.2110000e-01   3.4630000e-01
   2.5140000e-01   3.4850000e-01
   4.0620000e-01   6.3000000e-02
   6.7300000e-02   4.8220000e-01
   1.6600000e-01   3.4290000e-01
   2.0300000e-02   9.4130000e-01
   1.3410000e-01   6.0860000e-01
   4.2490000e-01   2.0420000e-01
   1.0290000e-01   2.4070000e-01
   1.7550000e-01   1.3880000e-01
   2.0790000e-01   3.9970000e-01
   1.9250000e-01   5.5530000e-01
   3.6640000e-01   2.4030000e-01
   5.3680000e-01   4.5860000e-01
   2.0030000e-01   3.7340000e-01
   2.0550000e-01   3.8370000e-01
   3.8110000e-01   3.3380000e-01
   3.8430000e-01   1.0970000e-01
   5.0030000e-01   1.6430000e-01
   4.8650000e-01   2.2280000e-01
   4.2120000e-01   2.1100000e-01
   4.4590000e-01   1.3590000e-01
   4.0120000e-01   2.9230000e-01
   2.2920000e-01   4.0780000e-01
   3.5240000e-01   3.2870000e-01
   4.7910000e-01   8.5900000e-02
   3.1540000e-01   2.6380000e-01
   3.7500000e-01   5.2230000e-01
   4.1650000e-01   2.7940000e-01
   3.7260000e-01   4.1330000e-01
   7.2800000e-01   6.4900000e-02
   1.8600000e-02   3.4200000e-01
   2.4640000e-01   4.9820000e-01
   4.9460000e-01   4.6530000e-01
   3.3790000e-01   5.6700000e-02
   1.1590000e-01   4.8100000e-02
   3.5470000e-01   5.3850000e-01
   1.3390000e-01   5.2930000e-01
   5.1680000e-01   4.0080000e-01
   4.0570000e-01   3.0530000e-01
   1.1430000e-01   5.2340000e-01
   9.1400000e-02   4.4070000e-01
   1.5900000e-01   4.0100000e-01
   3.8560000e-01   2.4960000e-01
   1.3240000e-01   3.8560000e-01
   8.3340000e-01   9.5200000e-02
   3.9980000e-01   2.3550000e-01
   1.9900000e-02   9.2120000e-01
   4.6650000e-01   1.4390000e-01
   9.2150000e-01   1.1800000e-02
   4.1770000e-01   2.9490000e-01
   2.0530000e-01   3.3260000e-01
   3.9290000e-01   3.0060000e-01
   4.2100000e-01   2.5380000e-01
   3.1250000e-01   3.0830000e-01
   4.2260000e-01   4.7660000e-01
   3.7310000e-01   3.5950000e-01
   3.5880000e-01   2.4230000e-01
   5.7070000e-01   1.1930000e-01
   3.7020000e-01   5.9250000e-01
   3.8930000e-01   3.2130000e-01
   9.6000000e-03   2.2360000e-01
   5.8770000e-01   1.1700000e-02
   1.8600000e-01   4.3080000e-01
   3.7430000e-01   3.9240000e-01
   3.3150000e-01   2.0050000e-01
   4.4200000e-02   5.9730000e-01
   2.1990000e-01   3.7720000e-01
   9.9700000e-02   5.1550000e-01
   4.3980000e-01   2.3840000e-01
   6.0300000e-01   3.8640000e-01
   2.4850000e-01   4.4710000e-01
   2.7420000e-01   4.6520000e-01
   2.6680000e-01   4.8350000e-01
   3.3180000e-01   5.2140000e-01
   4.9610000e-01   2.6640000e-01
   1.4830000e-01   1.0430000e-01
   3.1750000e-01   3.8580000e-01
   2.1810000e-01   3.9060000e-01
   5.9970000e-01   1.2580000e-01
   4.8860000e-01   9.7900000e-02
   5.1240000e-01   3.8900000e-02
   3.3500000e-02   2.8920000e-01
   1.0220000e-01   3.4120000e-01
   3.4150000e-01   3.3190000e-01
   3.3900000e-02   3.7100000e-01
   2.1710000e-01   2.3310000e-01
   5.3070000e-01   3.7680000e-01
   3.7540000e-01   1.7900000e-02
   2.9320000e-01   4.3040000e-01
   6.9160000e-01   1.0090000e-01
   4.0310000e-01   1.6130000e-01
   4.9590000e-01   2.0080000e-01
   6.7140000e-01   3.1430000e-01
   4.8590000e-01   4.0660000e-01
   2.9310000e-01   2.9680000e-01
   1.0750000e-01   4.0490000e-01
   1.5110000e-01   3.7250000e-01
   5.6810000e-01   8.4400000e-02
   3.5600000e-02   3.1200000e-01
   6.0000000e-03   1.2930000e-01
   1.6920000e-01   7.1390000e-01
   1.7690000e-01   3.2510000e-01
   2.2480000e-01   4.9490000e-01
   1.1500000e-02   6.1320000e-01
   3.1120000e-01   3.3960000e-01
   4.1210000e-01   2.3760000e-01
   1.1370000e-01   5.8320000e-01
   5.1580000e-01   1.3870000e-01
   6.5890000e-01   1.3380000e-01
   4.6660000e-01   2.9480000e-01
   8.9900000e-02   4.9700000e-01
   3.8670000e-01   4.5750000e-01
   6.8600000e-02   1.0190000e-01
   4.5070000e-01   5.1560000e-01
   4.6960000e-01   4.1870000e-01
   1.6220000e-01   5.8690000e-01
   2.5400000e-01   3.9100000e-01
   5.4580000e-01   1.6370000e-01
   6.0320000e-01   2.2890000e-01
   2.8970000e-01   3.5440000e-01
   3.0370000e-01   6.8520000e-01
   3.1930000e-01   2.5180000e-01
   4.0100000e-02   9.0640000e-01
   7.7410000e-01   1.1600000e-02
   2.2900000e-01   4.3390000e-01
   4.0320000e-01   3.0930000e-01
   4.6540000e-01   3.1630000e-01
   5.5790000e-01   2.9200000e-02
   5.8720000e-01   1.4090000e-01
   4.0450000e-01   4.2580000e-01
   2.8170000e-01   4.3760000e-01
   5.7880000e-01   2.5130000e-01
   3.2280000e-01   3.6210000e-01
   4.0000000e-03   5.6090000e-01
   5.6250000e-01   3.1890000e-01
   2.6110000e-01   7.0050000e-01
   3.8320000e-01   2.8690000e-01
   3.9310000e-01   3.4190000e-01
   9.9800000e-02   3.3090000e-01
   7.4700000e-02   4.9270000e-01
   1.1550000e-01   3.7000000e-01
   7.9670000e-01   7.1600000e-02
   4.5040000e-01   4.5390000e-01
   3.0460000e-01   4.0900000e-02
   3.1850000e-01   6.0040000e-01
   5.6100000e-02   4.5950000e-01
   3.4490000e-01   6.3350000e-01
   8.7100000e-02   4.6410000e-01
   5.9470000e-01   3.0010000e-01
   3.1150000e-01   8.7600000e-02
   5.8260000e-01   3.4200000e-01
   2.6250000e-01   5.0140000e-01
   1.9150000e-01   3.9950000e-01
   7.2530000e-01   1.4040000e-01
   4.2860000e-01   3.8800000e-02
   4.7660000e-01   1.7080000e-01
   7.0180000e-01   7.7400000e-02
   7.7570000e-01   2.1090000e-01
   2.4530000e-01   4.7910000e-01
   3.1880000e-01   4.0800000e-02
   2.7890000e-01   2.9660000e-01
   2.1680000e-01   6.1020000e-01
   1.2250000e-01   4.9170000e-01
   3.1300000e-01   3.5930000e-01
   7.8310000e-01   1.5870000e-01
   4.5720000e-01   1.6500000e-01
   4.6210000e-01   4.1530000e-01
   3.6120000e-01   6.8700000e-02
   7.1870000e-01   1.3600000e-02
   3.6220000e-01   3.9020000e-01
   3.0410000e-01   1.5770000e-01
   7.2000000e-01   1.8070000e-01
   4.0210000e-01   1.4330000e-01
   5.4950000e-01   3.9550000e-01
   1.9790000e-01   3.3890000e-01
   6.7310000e-01   2.0770000e-01
   6.8000000e-02   3.0890000e-01
   3.6680000e-01   1.7800000e-02
   4.0100000e-02   3.4000000e-01
   1.2010000e-01   3.3790000e-01
   3.8130000e-01   6.1660000e-01
   3.5360000e-01   1.9640000e-01
   3.0800000e-01   6.1910000e-01
   3.5760000e-01   4.2490000e-01
   4.0670000e-01   5.3030000e-01
   1.0270000e-01   5.8790000e-01
   3.1090000e-01   1.9950000e-01
   9.9000000e-03   6.5780000e-01
   4.5700000e-02   2.9340000e-01
   3.3770000e-01   3.9120000e-01
   3.7250000e-01   4.6980000e-01
   2.8790000e-01   2.6740000e-01
   3.8210000e-01   2.3890000e-01
   2.0220000e-01   3.9020000e-01
   3.0070000e-01   4.5960000e-01
   2.4690000e-01   3.5710000e-01
   2.8170000e-01   3.3090000e-01
   5.0070000e-01   4.4290000e-01
   2.2800000e-01   6.2300000e-02
   5.1540000e-01   7.7000000e-03
   6.7200000e-02   1.8900000e-01
   4.3800000e-02   5.2750000e-01
   3.1870000e-01   3.9250000e-01
   2.6600000e-01   4.1850000e-01
   5.1670000e-01   3.5240000e-01
   4.2210000e-01   4.1230000e-01
   5.1020000e-01   2.3490000e-01
   1.6490000e-01   5.3660000e-01
   3.0070000e-01   1.9430000e-01
   3.4430000e-01   1.9060000e-01
   4.7450000e-01   1.2940000e-01
   3.3820000e-01   2.6670000e-01
   1.2020000e-01   5.9120000e-01
   3.1290000e-01   4.5960000e-01
   2.1590000e-01   4.5400000e-01
   3.6010000e-01   3.2350000e-01
   2.8020000e-01   1.9860000e-01
   1.0450000e-01   9.7900000e-02
   1.8040000e-01   3.0030000e-01
   4.0330000e-01   3.3200000e-02
   4.3800000e-01   3.1800000e-01
   4.4870000e-01   4.4810000e-01
   3.7760000e-01   3.1920000e-01
   4.4600000e-02   5.7550000e-01
   1.5350000e-01   4.4410000e-01
   3.3270000e-01   4.2720000e-01
   6.2440000e-01   3.3080000e-01
   3.9830000e-01   3.3180000e-01
   5.0450000e-01   2.7080000e-01
   4.0530000e-01   2.3910000e-01
   4.3250000e-01   2.5880000e-01
   5.3400000e-02   6.9520000e-01
   3.6270000e-01   3.1980000e-01
   4.2150000e-01   2.0200000e-02
   2.1270000e-01   3.9930000e-01
   7.2410000e-01   1.4680000e-01
   7.0390000e-01   1.0220000e-01
   2.1600000e-01   1.1410000e-01
   3.8700000e-01   5.5890000e-01
   6.2950000e-01   1.2120000e-01
   3.9270000e-01   4.2560000e-01
   1.1650000e-01   7.0000000e-01
   3.7910000e-01   3.8710000e-01
   3.4880000e-01   6.4100000e-01
   7.1930000e-01   6.6200000e-02
   3.8080000e-01   2.7570000e-01
   9.1100000e-02   6.5730000e-01
   2.8640000e-01   4.2270000e-01
   7.1610000e-01   1.1100000e-02
   4.2900000e-01   5.5150000e-01
   4.0330000e-01   3.2190000e-01
   1.4900000e-01   5.6790000e-01
   2.6980000e-01   3.3840000e-01
   4.0510000e-01   1.9150000e-01
   5.6750000e-01   4.1430000e-01
   5.6170000e-01   1.0300000e-02
   5.9820000e-01   1.0600000e-01
   2.2240000e-01   2.5930000e-01
   4.4830000e-01   5.3400000e-02
   4.9600000e-02   6.0010000e-01
   2.1040000e-01   5.3120000e-01
   5.2530000e-01   4.5390000e-01
   5.0750000e-01   2.9320000e-01
   5.6680000e-01   2.8800000e-01
   1.5690000e-01   3.9770000e-01
   3.2850000e-01   3.4320000e-01
   4.9210000e-01   1.5670000e-01
   4.9400000e-01   2.3170000e-01
   4.7590000e-01   9.8100000e-02
   3.8700000e-01   3.6910000e-01
   4.0130000e-01   2.8810000e-01
   5.0000000e-01   2.0260000e-01
   1.7290000e-01   6.4180000e-01
   4.2530000e-01   3.3040000e-01
   3.3750000e-01   2.6470000e-01
   4.6030000e-01   3.8400000e-02
   1.5350000e-01   2.0030000e-01
   3.8200000e-02   1.8480000e-01
   4.4340000e-01   3.0070000e-01
   3.1750000e-01   3.6240000e-01
   3.2750000e-01   4.9200000e-02
   3.1720000e-01   2.6150000e-01
   6.4900000e-01   3.2110000e-01
   4.3950000e-01   3.8800000e-01
   2.2230000e-01   7.5980000e-01
   8.0200000e-02   2.4220000e-01
   3.4840000e-01   3.4350000e-01
   3.1320000e-01   4.7530000e-01
   5.1000000e-02   3.8350000e-01
   4.6620000e-01   3.4450000e-01
   2.3960000e-01   7.1300000e-02
   2.6620000e-01   5.8000000e-01
   5.8260000e-01   2.3100000e-01
   3.3930000e-01   1.4900000e-01
   8.6730000e-01   6.5000000e-02
   1.4550000e-01   4.7760000e-01
   8.9400000e-02   6.9490000e-01
   3.9700000e-01   1.1670000e-01
   1.9390000e-01   5.4140000e-01
   1.9910000e-01   3.8310000e-01
   3.2750000e-01   3.3120000e-01
   2.0120000e-01   3.9280000e-01
   7.9300000e-02   7.4980000e-01
   4.1710000e-01   3.3620000e-01
   3.8130000e-01   1.8030000e-01
   1.5170000e-01   6.7490000e-01
   4.4260000e-01   3.3350000e-01
   3.0070000e-01   3.7050000e-01
   2.5680000e-01   3.6340000e-01
   2.3110000e-01   1.2620000e-01
   5.2520000e-01   1.3710000e-01
   5.7740000e-01   3.1740000e-01
   7.1900000e-01   1.5950000e-01
   1.8920000e-01   2.7950000e-01
   1.6390000e-01   4.2600000e-02
   1.2600000e-01   5.3000000e-02
   2.8470000e-01   6.9890000e-01
   3.9180000e-01   4.0620000e-01
   4.1840000e-01   5.0990000e-01
   2.7530000e-01   6.6000000e-02
   3.2430000e-01   1.5950000e-01
   3.1900000e-02   8.8640000e-01
   1.2400000e-02   1.8340000e-01
   7.1300000e-02   1.5450000e-01
   5.3350000e-01   1.2950000e-01
   1.9360000e-01   6.0860000e-01
   6.1980000e-01   3.0230000e-01
   2.2820000e-01   5.1650000e-01
   3.1320000e-01   3.8870000e-01
   4.8890000e-01   3.0280000e-01
   4.9720000e-01   5.8700000e-02
   2.2030000e-01   5.5870000e-01
   3.9990000e-01   1.5300000e-02
   6.7240000e-01   1.0970000e-01
   1.2620000e-01   6.1220000e-01
   1.3740000e-01   5.2520000e-01
   5.3470000e-01   3.5980000e-01
   7.0690000e-01   1.9930000e-01
   5.2850000e-01   4.4080000e-01
   4.8080000e-01   2.6040000e-01
   3.1850000e-01   2.5560000e-01
   3.0550000e-01   5.0410000e-01
   5.5620000e-01   3.1250000e-01
   1.4260000e-01   4.8180000e-01
   6.6700000e-01   1.8850000e-01
   7.6000000e-02   5.2710000e-01
   5.2110000e-01   2.2630000e-01
   2.5740000e-01   4.3490000e-01
   4.5470000e-01   8.4500000e-02
   3.2840000e-01   4.6560000e-01
   8.5120000e-01   1.1090000e-01
   7.0000000e-03   5.4610000e-01
   5.4190000e-01   2.0270000e-01
   4.3780000e-01   5.4570000e-01
   3.0740000e-01   1.1530000e-01
   2.3340000e-01   3.5250000e-01
   1.6080000e-01   3.7710000e-01
   6.0560000e-01   1.5160000e-01
   5.0330000e-01   3.5130000e-01
   1.6600000e-02   4.9140000e-01
   1.4700000e-01   1.4560000e-01
   3.0800000e-01   5.7810000e-01
   2.8980000e-01   2.3730000e-01
   5.7680000e-01   3.4000000e-02
   2.3180000e-01   1.9930000e-01
   4.8580000e-01   3.2750000e-01
   4.6360000e-01   1.4760000e-01
   1.7940000e-01   2.8880000e-01
   1.0840000e-01   6.9750000e-01
   1.7600000e-02   8.4790000e-01
   6.7890000e-01   3.0630000e-01
   2.1590000e-01   4.1530000e-01
   1.0590000e-01   3.8140000e-01
   6.1790000e-01   1.4110000e-01
   5.4410000e-01   2.8730000e-01
   4.9120000e-01   2.4210000e-01
   5.2960000e-01   2.9520000e-01
   2.1900000e-02   6.6700000e-01
   1.2220000e-01   4.9260000e-01
   2.1320000e-01   6.1030000e-01
   3.7790000e-01   8.7100000e-02
   3.9100000e-02   5.2170000e-01
   3.2730000e-01   4.0170000e-01
   1.2570000e-01   6.3020000e-01
   5.0110000e-01   2.6960000e-01
   2.0950000e-01   4.2620000e-01
   5.7050000e-01   1.6960000e-01
   2.9010000e-01   3.2260000e-01
   1.2570000e-01   6.5580000e-01
   4.4100000e-01   3.8350000e-01
   6.7670000e-01   1.7800000e-02
   4.7800000e-01   3.0720000e-01
   2.8940000e-01   3.5460000e-01
   3.2260000e-01   2.7720000e-01
   5.8960000e-01   9.3800000e-02
   1.3100000e-01   4.5020000e-01
   3.4310000e-01   2.1320000e-01
   6.0750000e-01   3.7690000e-01
   4.1700000e-01   4.2870000e-01
   2.1080000e-01   3.4950000e-01
   2.3540000e-01   4.6630000e-01
   5.4300000e-01   3.4270000e-01
   5.0760000e-01   1.7760000e-01
   2.9350000e-01   3.7480000e-01
   3.0000000e-01   4.5600000e-02
   5.5970000e-01   1.0960000e-01
   3.9920000e-01   3.9650000e-01
   3.3920000e-01   5.8830000e-01
   3.7050000e-01   1.0660000e-01
   3.9420000e-01   4.3150000e-01
   5.4090000e-01   1.4110000e-01
   3.8390000e-01   1.7110000e-01
   1.9970000e-01   1.6400000e-01
   3.8130000e-01   4.9290000e-01
   2.7990000e-01   5.8310000e-01
   1.4000000e-03   4.5020000e-01
   1.4970000e-01   5.5580000e-01
   3.3470000e-01   2.0900000e-02
   3.0030000e-01   2.4850000e-01
   7.1300000e-02   6.8570000e-01
   3.7380000e-01   4.6260000e-01
   3.0230000e-01   4.8820000e-01
   2.6590000e-01   3.5230000e-01
   3.0740000e-01   1.9550000e-01
   3.9220000e-01   3.4110000e-01
   3.5100000e-02   5.6440000e-01
   3.1780000e-01   2.4220000e-01
   5.0260000e-01   2.6280000e-01
   4.0320000e-01   5.8850000e-01
   3.9700000e-01   2.3350000e-01
   3.2000000e-01   2.4380000e-01
   4.4760000e-01   4.0800000e-01
   5.2010000e-01   7.2000000e-03
   2.7950000e-01   4.6040000e-01
   5.5170000e-01   3.0790000e-01
   1.9820000e-01   4.7080000e-01
   3.6610000e-01   1.7990000e-01
   6.9230000e-01   4.1500000e-02
   6.0340000e-01   1.4350000e-01
   1.4060000e-01   2.1510000e-01
   1.4180000e-01   7.3350000e-01
   4.4790000e-01   2.4450000e-01
   5.7270000e-01   2.0100000e-02
   9.1000000e-03   5.0540000e-01
   2.6070000e-01   1.6350000e-01
   3.8700000e-01   2.8360000e-01
   4.5910000e-01   1.4850000e-01
   3.3030000e-01   6.5590000e-01
   2.5360000e-01   2.7080000e-01
   3.5890000e-01   1.3070000e-01
   6.7100000e-02   4.6540000e-01
   5.8230000e-01   1.7060000e-01
   2.0650000e-01   4.0180000e-01
   5.4460000e-01   1.4500000e-01
   3.6830000e-01   2.8640000e-01
   1.3620000e-01   4.2680000e-01
   1.7380000e-01   2.5380000e-01
   7.7300000e-02   6.0360000e-01
   6.7800000e-02   7.4790000e-01
   3.3060000e-01   3.1020000e-01
   5.7390000e-01   4.2550000e-01
   2.8800000e-01   3.5490000e-01
   4.2380000e-01   2.5380000e-01
   4.4520000e-01   2.0140000e-01
   4.0120000e-01   3.9290000e-01
   3.3220000e-01   5.6430000e-01
   1.7670000e-01   6.1060000e-01
   3.2990000e-01   3.7340000e-01
   5.1980000e-01   4.4680000e-01
   1.1640000e-01   6.6920000e-01
   4.0820000e-01   7.5200000e-02
   2.2010000e-01   4.1890000e-01
   4.3450000e-01   2.1590000e-01
   4.2390000e-01   1.5010000e-01
   2.1390000e-01   7.0590000e-01
   5.3120000e-01   9.7500000e-02
   8.8920000e-01   8.3800000e-02
   3.2200000e-01   5.1300000e-02
   2.2000000e-01   6.0760000e-01
   3.2220000e-01   3.2560000e-01
   4.4750000e-01   5.3410000e-01
   2.5280000e-01   5.0180000e-01
   1.4010000e-01   3.7780000e-01
   5.1500000e-02   4.3150000e-01
   2.1240000e-01   4.3450000e-01
   6.9000000e-03   5.4120000e-01
   1.2170000e-01   3.7890000e-01
   2.8000000e-01   3.3980000e-01
   2.3540000e-01   2.6550000e-01
   4.1360000e-01   3.4380000e-01
   1.5040000e-01   7.2500000e-01
   7.3040000e-01   1.4160000e-01
   4.3670000e-01   2.1660000e-01
   4.1660000e-01   2.5590000e-01
   4.3590000e-01   4.4780000e-01
   3.2970000e-01   3.5960000e-01
   1.4680000e-01   6.6000000e-01
   4.2840000e-01   4.6500000e-01
   4.3440000e-01   2.2710000e-01
   1.8840000e-01   5.5380000e-01
   3.0200000e-02   5.6990000e-01
   1.7920000e-01   4.0410000e-01
   1.6690000e-01   4.7330000e-01
   2.1450000e-01   7.7890000e-01
   5.0810000e-01   3.6270000e-01
   3.1650000e-01   2.3460000e-01
   4.5570000e-01   1.6610000e-01
   2.1210000e-01   2.3620000e-01
   1.3880000e-01   5.6100000e-02
   3.4210000e-01   2.0530000e-01
   5.2820000e-01   4.3700000e-02
   4.9890000e-01   1.3410000e-01
   3.4720000e-01   4.4310000e-01
   3.3940000e-01   2.4620000e-01
   1.3600000e-01   4.9890000e-01
   4.1220000e-01   2.6210000e-01
   2.5910000e-01   4.1820000e-01
   9.7100000e-02   3.3720000e-01
   4.2610000e-01   4.4390000e-01
   5.5730000e-01   7.9000000e-02
   2.0120000e-01   2.7780000e-01
   4.3640000e-01   1.3450000e-01
   4.2930000e-01   4.0620000e-01
   2.2310000e-01   6.6400000e-01
   1.5570000e-01   8.3400000e-02
   1.5710000e-01   4.8360000e-01
   3.9260000e-01   2.1730000e-01
   2.6030000e-01   2.7260000e-01
   3.5270000e-01   4.6020000e-01
   7.0370000e-01   2.4780000e-01
   4.1710000e-01   3.0190000e-01
   7.0440000e-01   1.4910000e-01
   1.5550000e-01   5.1190000e-01
   1.0550000e-01   4.2830000e-01
   4.9780000e-01   3.7860000e-01
   6.7130000e-01   4.2500000e-02
   9.1200000e-02   4.2390000e-01
   1.3900000e-02   3.4450000e-01
   4.3330000e-01   1.1340000e-01
   6.5140000e-01   2.6940000e-01
   2.8640000e-01   7.0470000e-01
   4.0540000e-01   2.0340000e-01
   5.3890000e-01   3.1070000e-01
   1.3530000e-01   1.4380000e-01
   4.5900000e-02   4.7330000e-01
   1.5480000e-01   3.3240000e-01
   3.0260000e-01   3.4170000e-01
   3.2910000e-01   2.4580000e-01
   3.0660000e-01   6.5860000e-01
   1.9320000e-01   6.0140000e-01
   3.7260000e-01   2.6500000e-02
   6.5210000e-01   2.0450000e-01
   6.3230000e-01   2.4790000e-01
   4.3640000e-01   2.8290000e-01
   3.0700000e-02   8.6850000e-01
   7.7400000e-02   4.0410000e-01
   1.4450000e-01   6.6160000e-01
   5.5270000e-01   7.5600000e-02
   6.1240000e-01   9.0400000e-02
   2.8320000e-01   4.8730000e-01
   2.4740000e-01   4.7660000e-01
   1.2060000e-01   3.2490000e-01
   3.3680000e-01   8.2800000e-02
   3.1110000e-01   4.7010000e-01
   2.5870000e-01   4.4440000e-01
   3.9600000e-02   4.1360000e-01
   2.4350000e-01   2.6030000e-01
   3.2920000e-01   9.3700000e-02
   2.3720000e-01   3.6450000e-01
   3.7910000e-01   2.7440000e-01
   1.4110000e-01   4.0370000e-01
   3.2060000e-01   3.4900000e-01
   3.1320000e-01   6.0300000e-02
   1.5030000e-01   4.6300000e-01
   3.3480000e-01   3.1150000e-01
   4.1210000e-01   1.4020000e-01
   4.4240000e-01   2.6080000e-01
   3.9590000e-01   1.4150000e-01
   5.6630000e-01   8.5600000e-02
   3.5240000e-01   2.9790000e-01
   4.7130000e-01   5.7600000e-02
   3.6970000e-01   1.0150000e-01
   7.7550000e-01   3.5900000e-02
   3.2840000e-01   4.5290000e-01
   1.9930000e-01   5.3540000e-01
   5.3790000e-01   1.8500000e-02
   2.3960000e-01   5.5000000e-01
   5.7850000e-01   4.4700000e-02
   4.5640000e-01   4.6550000e-01
   3.7020000e-01   3.5600000e-02
   3.6260000e-01   4.0520000e-01
   3.7040000e-01   3.3780000e-01
   2.9140000e-01   3.1680000e-01
   1.9240000e-01   4.2260000e-01
   3.2270000e-01   3.4030000e-01
   4.5370000e-01   3.3710000e-01
   2.0340000e-01   1.9230000e-01
   1.8580000e-01   1.4190000e-01
   2.4600000e-01   2.1260000e-01
   5.1240000e-01   1.7450000e-01
   7.5840000e-01   1.4340000e-01
   1.5950000e-01   4.0340000e-01
   9.2100000e-02   8.4340000e-01
   5.4550000e-01   2.8090000e-01
   6.6980000e-01   1.2890000e-01
   1.1030000e-01   5.8120000e-01
   3.5120000e-01   6.3900000e-02
   1.6450000e-01   4.8670000e-01
   6.1700000e-02   6.5500000e-01
   2.1940000e-01   3.9170000e-01
   3.9870000e-01   5.3770000e-01
   3.9470000e-01   3.5970000e-01
   3.3360000e-01   2.8130000e-01
   2.8960000e-01   3.4730000e-01
   3.9610000e-01   2.3390000e-01
   7.3000000e-02   4.2860000e-01
   2.0830000e-01   3.4210000e-01
   4.0160000e-01   4.8450000e-01
   2.4640000e-01   5.4580000e-01
   2.6110000e-01   4.3180000e-01
   6.5700000e-01   2.9140000e-01
   4.7040000e-01   5.9900000e-02
   3.8440000e-01   3.7340000e-01
   5.4530000e-01   3.3320000e-01
   3.0510000e-01   3.1730000e-01
   5.0550000e-01   4.1770000e-01
   4.7720000e-01   1.1430000e-01
   4.4570000e-01   2.5170000e-01
   4.8070000e-01   5.1520000e-01
   3.2430000e-01   6.1880000e-01
   4.1990000e-01   2.0130000e-01
   1.0950000e-01   3.2380000e-01
   4.2030000e-01   4.2330000e-01
   3.4980000e-01   2.6370000e-01
   4.1470000e-01   9.8400000e-02
   4.3620000e-01   5.7400000e-02
   4.0550000e-01   3.1360000e-01
   6.0100000e-02   1.7980000e-01
   4.2060000e-01   4.0150000e-01
   4.8490000e-01   4.7090000e-01
   4.9870000e-01   2.7540000e-01
   1.9660000e-01   2.5550000e-01
   1.5900000e-02   1.7560000e-01
   4.1310000e-01   3.5000000e-02
   3.2500000e-01   2.0950000e-01
   2.4430000e-01   2.1180000e-01
   2.6960000e-01   6.3420000e-01
   5.3190000e-01   4.3070000e-01
   6.4280000e-01   2.8400000e-01
   1.9090000e-01   2.4360000e-01
   4.6850000e-01   3.8360000e-01
   2.5550000e-01   3.9580000e-01
   4.6190000e-01   1.1860000e-01
   1.1200000e-01   3.7510000e-01
   6.0780000e-01   2.0200000e-01
   4.2550000e-01   6.9600000e-02
   3.9590000e-01   3.3240000e-01
   2.8340000e-01   1.7110000e-01
   2.8610000e-01   2.7000000e-01
   2.1800000e-01   5.1410000e-01
   2.4670000e-01   2.7360000e-01
   4.1150000e-01   1.6620000e-01
   2.8020000e-01   2.1770000e-01
   2.3680000e-01   3.1010000e-01
   2.8140000e-01   4.2190000e-01
   2.4100000e-02   5.1760000e-01
   3.6940000e-01   3.4770000e-01
   1.0110000e-01   2.3590000e-01
   4.1790000e-01   2.9950000e-01
   3.0990000e-01   3.6120000e-01
   4.3220000e-01   3.4870000e-01
   4.7840000e-01   1.6750000e-01
   2.6190000e-01   2.9670000e-01
   4.1600000e-01   2.5520000e-01
   1.6080000e-01   6.2000000e-03
   2.9950000e-01   4.1090000e-01
   4.0810000e-01   4.9700000e-01
   1.1500000e-01   3.2880000e-01
   3.8940000e-01   1.9500000e-01
   4.3580000e-01   3.1830000e-01
   4.0720000e-01   3.6260000e-01
   1.2400000e-01   4.9680000e-01
   4.0710000e-01   4.1850000e-01
   4.2390000e-01   2.5200000e-01
   8.3500000e-02   7.1430000e-01
   2.7740000e-01   3.8790000e-01
   3.6420000e-01   3.2090000e-01
   4.4020000e-01   2.4590000e-01
   2.2340000e-01   4.5920000e-01
   1.5600000e-01   3.9540000e-01
   5.8760000e-01   1.1680000e-01
   3.4670000e-01   2.7010000e-01
   4.0650000e-01   2.3990000e-01
   4.0230000e-01   3.7630000e-01
   2.6110000e-01   3.8050000e-01
   2.8620000e-01   4.1790000e-01
   3.4880000e-01   8.0000000e-02
   2.8990000e-01   3.5990000e-01
   3.0260000e-01   1.8130000e-01
   1.2150000e-01   7.3740000e-01
   2.0250000e-01   4.8170000e-01
   2.3100000e-01   2.1680000e-01
   1.3340000e-01   3.2000000e-01
   1.6470000e-01   1.3040000e-01
   3.9560000e-01   4.0750000e-01
   3.6580000e-01   2.3230000e-01
   3.8100000e-01   8.6000000e-02
   4.4170000e-01   5.3100000e-02
   4.7100000e-01   2.2600000e-01
   2.3810000e-01   4.2920000e-01
   2.0740000e-01   3.7240000e-01
   2.0450000e-01   1.8800000e-02
   6.8360000e-01   1.3500000e-02
   5.6990000e-01   2.7150000e-01
   1.4760000e-01   1.4070000e-01
   4.3580000e-01   2.0800000e-01
   3.3740000e-01   3.1920000e-01
   5.2640000e-01   1.5950000e-01
   2.8110000e-01   4.4010000e-01
   3.8900000e-01   5.7910000e-01
   4.0690000e-01   2.2020000e-01
   1.4960000e-01   3.7180000e-01
   4.8000000e-01   2.4170000e-01
   1.6390000e-01   4.1300000e-01
   4.9060000e-01   1.2070000e-01
   2.0250000e-01   6.6450000e-01
   2.6000000e-03   4.3440000e-01
   3.8630000e-01   2.6500000e-01
   6.0170000e-01   1.9320000e-01
   5.7940000e-01   3.4000000e-01
   3.9110000e-01   2.2650000e-01
   2.3470000e-01   3.4950000e-01
   3.0480000e-01   3.6050000e-01
   8.5700000e-02   4.9870000e-01
   2.6530000e-01   1.4120000e-01
   4.2860000e-01   1.5610000e-01
   3.4140000e-01   5.5640000e-01
   4.7200000e-02   3.7400000e-01
   1.0140000e-01   2.2710000e-01
   3.1170000e-01   2.3540000e-01
   4.1900000e-01   3.8720000e-01
   3.3440000e-01   5.2910000e-01
   1.2030000e-01   7.3790000e-01
   4.0900000e-01   3.6240000e-01
   4.0610000e-01   3.0960000e-01
   4.4730000e-01   5.0090000e-01
   3.1260000e-01   3.5220000e-01
   2.9560000e-01   5.5890000e-01
   5.7120000e-01   2.0400000e-02
   3.3860000e-01   1.9880000e-01
   3.5870000e-01   5.2480000e-01
   1.4460000e-01   3.8690000e-01
   4.1180000e-01   1.3490000e-01
   3.9890000e-01   2.1260000e-01
   4.1120000e-01   3.0550000e-01
   4.2720000e-01   3.2630000e-01
   2.3470000e-01   5.7240000e-01
   2.9080000e-01   3.4750000e-01
   5.5500000e-02   7.4550000e-01
   3.3380000e-01   3.7180000e-01
   4.7120000e-01   4.7920000e-01
   3.5760000e-01   1.8460000e-01
   4.4290000e-01   3.4510000e-01
   3.5520000e-01   4.7730000e-01
   3.2650000e-01   2.2030000e-01
   4.0330000e-01   1.7150000e-01
   4.1640000e-01   3.8600000e-01
   1.8420000e-01   2.3440000e-01
   5.7680000e-01   5.4500000e-02
   6.7600000e-02   7.8270000e-01
   3.8770000e-01   4.8790000e-01
   3.5230000e-01   4.9400000e-01
   3.0320000e-01   5.1880000e-01
   5.9570000e-01   1.3790000e-01
   1.3470000e-01   4.3710000e-01
   2.3390000e-01   4.0840000e-01
   6.6410000e-01   3.7800000e-02
   4.1080000e-01   3.6000000e-01
   5.5660000e-01   7.1500000e-02
   3.7060000e-01   3.9070000e-01
   5.8100000e-01   2.7470000e-01
   2.7400000e-02   8.3090000e-01
   5.3410000e-01   1.5920000e-01
   4.0710000e-01   3.0450000e-01
   3.6860000e-01   4.4110000e-01
   6.8890000e-01   2.9140000e-01
   6.1360000e-01   3.5230000e-01
   1.3200000e-01   8.7300000e-02
   2.6530000e-01   5.6030000e-01
   2.2160000e-01   4.2600000e-01
   5.2670000e-01   1.9200000e-02
   3.4340000e-01   3.5860000e-01
   3.2550000e-01   2.9710000e-01
   3.9420000e-01   3.0510000e-01
   2.0930000e-01   3.7620000e-01
   3.2130000e-01   4.0470000e-01
   5.1200000e-01   4.8530000e-01
   3.1370000e-01   1.2240000e-01
   3.3590000e-01   5.7060000e-01
   3.1880000e-01   2.3980000e-01
   3.1980000e-01   3.4730000e-01
   4.3680000e-01   5.5850000e-01
   3.6260000e-01   1.0000000e-03
   4.4540000e-01   5.1700000e-02
   1.0200000e-01   6.5780000e-01
   6.9200000e-02   1.4540000e-01
   7.5330000e-01   1.2600000e-02
   3.8040000e-01   5.2120000e-01
   5.1820000e-01   2.0400000e-01
   9.9400000e-02   4.8730000e-01
   2.4000000e-03   6.0470000e-01
   4.7760000e-01   2.1080000e-01
   1.5890000e-01   7.4010000e-01
   8.2070000e-01   1.4790000e-01
   1.0700000e-02   7.9130000e-01
   5.6540000e-01   1.7100000e-01
   4.5440000e-01   3.4760000e-01
   3.1040000e-01   4.1170000e-01
   4.5520000e-01   2.5880000e-01
   5.2880000e-01   3.8100000e-01
   2.9470000e-01   6.7340000e-01
   3.6030000e-01   2.3300000e-01
   5.5800000e-02   5.6220000e-01
   3.6430000e-01   5.1000000e-01
   3.7440000e-01   2.9280000e-01
   1.0380000e-01   3.9480000e-01
   2.8050000e-01   4.8490000e-01
   4.6570000e-01   1.7300000e-01
   2.0960000e-01   3.2750000e-01
   4.0710000e-01   3.0840000e-01
   5.0100000e-02   2.2540000e-01
   5.3150000e-01   8.0700000e-02
   4.6300000e-02   6.8000000e-01
   3.7480000e-01   6.0800000e-01
   3.0510000e-01   1.8110000e-01
   4.4910000e-01   5.1440000e-01
   2.3340000e-01   9.8500000e-02
   2.2050000e-01   5.2360000e-01
   3.0030000e-01   6.7810000e-01
   8.2960000e-01   5.0600000e-02
   4.0170000e-01   3.8420000e-01
   1.4550000e-01   3.5800000e-01
   2.2660000e-01   4.5760000e-01
   1.2640000e-01   5.3630000e-01
   6.0460000e-01   3.7490000e-01
   3.0870000e-01   4.0390000e-01
   1.8320000e-01   4.3790000e-01
