   8.7500000e-02   3.5770000e-01
   9.6600000e-02   8.9560000e-01
   1.7010000e-01   5.0450000e-01
   3.9810000e-01   2.3090000e-01
   3.5140000e-01   3.4360000e-01
   2.4680000e-01   3.0730000e-01
   4.6280000e-01   3.6400000e-01
   1.1190000e-01   5.7740000e-01
   2.1140000e-01   3.8450000e-01
   5.3950000e-01   5.6700000e-02
   5.3070000e-01   2.8710000e-01
   4.5690000e-01   4.1480000e-01
   5.0300000e-01   1.6910000e-01
   2.2430000e-01   3.3440000e-01
   3.9110000e-01   5.6130000e-01
   3.2530000e-01   6.0950000e-01
   3.8940000e-01   3.1030000e-01
   1.1320000e-01   7.3600000e-01
   1.7160000e-01   3.8810000e-01
   4.3580000e-01   1.2850000e-01
   3.4410000e-01   6.5200000e-01
   2.0620000e-01   6.7850000e-01
   1.7560000e-01   3.5470000e-01
   5.5130000e-01   3.3810000e-01
   9.3280000e-01   6.0300000e-02
   3.1650000e-01   3.8590000e-01
   6.1800000e-02   5.3150000e-01
   5.3780000e-01   6.4000000e-03
   4.0530000e-01   3.0470000e-01
   4.7130000e-01   4.7650000e-01
   3.2500000e-01   2.9710000e-01
   6.0650000e-01   1.8820000e-01
   2.9810000e-01   5.0250000e-01
   3.6210000e-01   2.0980000e-01
   2.4890000e-01   5.0100000e-01
   3.5200000e-02   4.7280000e-01
   1.5710000e-01   4.6900000e-01
   5.3640000e-01   2.6580000e-01
   1.7580000e-01   7.6680000e-01
   4.2700000e-02   4.8660000e-01
   1.8410000e-01   1.7200000e-01
   2.6110000e-01   2.1370000e-01
   5.6730000e-01   6.9600000e-02
   9.4900000e-02   7.0370000e-01
   4.0150000e-01   4.6520000e-01
   4.5570000e-01   5.2400000e-02
   8.3400000e-02   3.5610000e-01
   4.7780000e-01   7.8200000e-02
   2.8190000e-01   2.3920000e-01
   1.2000000e-03   7.6290000e-01
   4.2630000e-01   7.9200000e-02
   5.0680000e-01   4.1900000e-01
   5.4740000e-01   5.2000000e-02
   1.9250000e-01   5.2610000e-01
   4.1760000e-01   8.7800000e-02
   3.2710000e-01   1.3920000e-01
   4.7540000e-01   5.0760000e-01
   1.6590000e-01   4.6890000e-01
   9.6000000e-03   2.2140000e-01
   6.3700000e-01   1.9410000e-01
   2.8810000e-01   2.5780000e-01
   9.5800000e-02   1.3450000e-01
   8.1910000e-01   1.5830000e-01
   3.0270000e-01   1.1510000e-01
   2.1220000e-01   2.6600000e-02
   4.9680000e-01   6.8900000e-02
   5.5600000e-01   4.4310000e-01
   6.6300000e-02   2.1520000e-01
   5.0250000e-01   4.5500000e-02
   3.0770000e-01   6.6040000e-01
   4.1400000e-01   2.4930000e-01
   4.4420000e-01   2.1860000e-01
   4.2500000e-01   1.5990000e-01
   1.2570000e-01   1.9890000e-01
   1.8860000e-01   3.0220000e-01
   1.2890000e-01   6.4330000e-01
   5.0050000e-01   3.9210000e-01
   1.7920000e-01   1.2550000e-01
   1.6060000e-01   5.3730000e-01
   2.8550000e-01   4.2240000e-01
   6.1500000e-02   3.0180000e-01
   2.5540000e-01   1.8330000e-01
   3.2040000e-01   2.8340000e-01
   2.0560000e-01   4.1380000e-01
   4.1870000e-01   3.9370000e-01
   4.0970000e-01   2.3710000e-01
   2.0940000e-01   6.3740000e-01
   2.3000000e-02   2.1840000e-01
   3.8500000e-02   8.3600000e-02
   3.0800000e-02   2.8850000e-01
   3.7830000e-01   2.0700000e-01
   1.7040000e-01   6.7210000e-01
   3.6140000e-01   2.4800000e-01
   6.5060000e-01   2.0000000e-02
   3.7310000e-01   2.7850000e-01
   3.7760000e-01   6.0920000e-01
   5.5740000e-01   1.3890000e-01
   4.0980000e-01   1.0110000e-01
   4.1530000e-01   1.5400000e-01
   1.2310000e-01   2.0560000e-01
   3.1600000e-02   4.3190000e-01
   4.9670000e-01   2.3000000e-02
   2.8670000e-01   4.8320000e-01
   3.2190000e-01   2.7140000e-01
   6.4980000e-01   1.1200000e-02
   2.4460000e-01   4.5170000e-01
   2.2450000e-01   3.4080000e-01
   6.3660000e-01   2.6010000e-01
   3.0450000e-01   4.3140000e-01
   2.8990000e-01   1.3290000e-01
   5.5970000e-01   2.6060000e-01
   4.5880000e-01   4.3200000e-01
   4.3660000e-01   2.1810000e-01
   4.6000000e-01   5.1660000e-01
   4.7760000e-01   1.4410000e-01
   8.3500000e-02   5.0900000e-01
   2.9660000e-01   3.8660000e-01
   2.8810000e-01   6.2860000e-01
   6.5080000e-01   1.9540000e-01
   2.9340000e-01   3.1850000e-01
   3.8780000e-01   1.7670000e-01
   2.5510000e-01   2.3020000e-01
   4.5770000e-01   2.6500000e-01
   2.7940000e-01   3.2230000e-01
   9.7300000e-02   4.8500000e-01
   1.1020000e-01   3.9190000e-01
   2.0580000e-01   3.5120000e-01
   2.8960000e-01   2.7870000e-01
   2.8760000e-01   5.8000000e-01
   3.6060000e-01   5.6050000e-01
   4.6200000e-01   2.7610000e-01
   5.1240000e-01   2.3440000e-01
   4.5200000e-02   8.2230000e-01
   1.5650000e-01   6.3520000e-01
   2.8500000e-02   7.7070000e-01
   3.7460000e-01   5.1370000e-01
   4.3720000e-01   5.1770000e-01
   1.9220000e-01   3.3900000e-01
   3.4290000e-01   3.1930000e-01
   4.6250000e-01   2.4770000e-01
   2.1180000e-01   3.4700000e-02
   2.4860000e-01   5.1440000e-01
   1.8670000e-01   5.4810000e-01
   4.3900000e-01   1.7380000e-01
   6.3920000e-01   2.4010000e-01
   9.7800000e-02   4.4920000e-01
   5.0210000e-01   2.0900000e-02
   5.7000000e-01   2.8400000e-02
   7.1990000e-01   2.3330000e-01
   5.0240000e-01   4.4280000e-01
   4.8540000e-01   7.7900000e-02
   4.6220000e-01   2.5480000e-01
   4.8240000e-01   2.2060000e-01
   2.4000000e-01   2.6340000e-01
   3.7150000e-01   4.6640000e-01
   1.9430000e-01   4.8030000e-01
   2.1200000e-01   2.5510000e-01
   1.3960000e-01   1.4020000e-01
   2.3930000e-01   4.5280000e-01
   3.0280000e-01   2.7170000e-01
   1.9220000e-01   1.0270000e-01
   3.3570000e-01   7.8600000e-02
   2.0530000e-01   3.0220000e-01
   4.3780000e-01   3.1510000e-01
   7.5260000e-01   2.2000000e-03
   3.9940000e-01   5.8300000e-01
   4.4000000e-03   4.9600000e-02
   3.4270000e-01   2.1000000e-01
   4.7500000e-02   4.8560000e-01
   3.9750000e-01   5.4470000e-01
   1.8000000e-03   5.2200000e-01
   4.9230000e-01   7.9200000e-02
   5.1580000e-01   4.6150000e-01
   2.0660000e-01   3.0690000e-01
   5.0110000e-01   2.3800000e-01
   4.4520000e-01   4.0690000e-01
   7.8800000e-02   3.9530000e-01
   5.4040000e-01   3.9940000e-01
   4.4370000e-01   4.0580000e-01
   3.5830000e-01   5.4680000e-01
   3.3920000e-01   1.9890000e-01
   4.7000000e-01   2.2930000e-01
   1.1830000e-01   5.0860000e-01
   1.3330000e-01   6.4500000e-01
   6.5580000e-01   3.1180000e-01
   3.0250000e-01   4.7980000e-01
   5.0770000e-01   2.0670000e-01
   2.0250000e-01   4.1450000e-01
   4.9220000e-01   4.5180000e-01
   2.1540000e-01   3.4150000e-01
   2.9580000e-01   3.3150000e-01
   5.8200000e-01   1.5950000e-01
   2.5610000e-01   4.1990000e-01
   5.7600000e-01   4.8000000e-03
   1.2640000e-01   5.9430000e-01
   2.9070000e-01   2.7800000e-02
   2.0390000e-01   4.8670000e-01
   5.1320000e-01   3.4310000e-01
   3.3040000e-01   6.3790000e-01
   2.4490000e-01   1.3630000e-01
   6.6940000e-01   2.3180000e-01
   5.6080000e-01   2.5600000e-02
   5.6030000e-01   4.2690000e-01
   2.7190000e-01   2.0170000e-01
   4.4820000e-01   1.9810000e-01
   2.4060000e-01   4.6860000e-01
   2.5360000e-01   3.4000000e-01
   2.1150000e-01   4.8520000e-01
   5.2290000e-01   1.8560000e-01
   4.6680000e-01   2.2730000e-01
   1.8500000e-01   4.3130000e-01
   3.9800000e-02   8.4270000e-01
   4.5720000e-01   4.2630000e-01
   1.0700000e-01   4.2130000e-01
   3.0720000e-01   5.2970000e-01
   3.7040000e-01   3.3780000e-01
   6.5000000e-01   3.4530000e-01
   1.6480000e-01   4.0190000e-01
   1.6080000e-01   5.8580000e-01
   5.0040000e-01   1.6790000e-01
   6.7400000e-02   8.5560000e-01
   1.9250000e-01   4.3830000e-01
   2.5720000e-01   3.3340000e-01
   3.5440000e-01   3.2900000e-01
   4.4200000e-01   5.8400000e-02
   3.8570000e-01   1.4560000e-01
   4.4540000e-01   3.4510000e-01
   9.6300000e-02   5.8150000e-01
   2.9860000e-01   3.8280000e-01
   4.9240000e-01   3.6190000e-01
   3.5840000e-01   4.5550000e-01
   1.7010000e-01   5.0280000e-01
   7.6600000e-02   4.5590000e-01
   3.9950000e-01   2.3720000e-01
   9.6900000e-02   2.9360000e-01
   2.3260000e-01   3.5910000e-01
   2.2600000e-01   7.3400000e-02
   3.8910000e-01   2.0990000e-01
   4.3970000e-01   1.1120000e-01
   3.7070000e-01   1.4070000e-01
   2.3640000e-01   3.5620000e-01
   2.5320000e-01   1.7320000e-01
   1.2220000e-01   6.9150000e-01
   3.4330000e-01   2.1210000e-01
   5.0200000e-01   1.4800000e-01
   2.7340000e-01   3.0880000e-01
   3.8080000e-01   1.9340000e-01
   1.6730000e-01   7.2750000e-01
   5.0200000e-02   6.8900000e-01
   1.6440000e-01   3.4490000e-01
   2.0900000e-01   5.4090000e-01
   2.8130000e-01   4.2740000e-01
   5.1570000e-01   1.0300000e-01
   1.7770000e-01   3.4920000e-01
   4.1470000e-01   3.0800000e-01
   2.8030000e-01   5.3550000e-01
   4.9300000e-02   3.8340000e-01
   1.6170000e-01   2.8330000e-01
   4.3190000e-01   3.3550000e-01
   1.3390000e-01   3.7550000e-01
   2.3640000e-01   3.7950000e-01
   1.9170000e-01   7.0700000e-02
   3.1480000e-01   3.3960000e-01
   4.2500000e-01   2.6000000e-01
   4.2040000e-01   2.0350000e-01
   2.5740000e-01   6.5720000e-01
   1.4850000e-01   6.0810000e-01
   4.7600000e-01   1.4420000e-01
   3.5620000e-01   3.6880000e-01
   2.2010000e-01   3.6780000e-01
   6.9640000e-01   2.3830000e-01
   3.5790000e-01   1.8960000e-01
   2.9500000e-01   3.6500000e-02
   7.8430000e-01   4.3800000e-02
   3.2000000e-02   9.2830000e-01
   7.7280000e-01   9.1500000e-02
   2.6170000e-01   2.6440000e-01
   3.4270000e-01   2.2550000e-01
   4.2640000e-01   1.7010000e-01
   1.1450000e-01   7.3130000e-01
   3.9710000e-01   3.7170000e-01
   4.3240000e-01   5.2000000e-03
   1.1130000e-01   1.6810000e-01
   1.9360000e-01   3.5330000e-01
   6.2700000e-02   3.3340000e-01
   4.1810000e-01   3.4860000e-01
   1.5900000e-01   4.5130000e-01
   2.8880000e-01   2.0870000e-01
   2.3190000e-01   5.4080000e-01
   1.6050000e-01   1.7310000e-01
   4.7240000e-01   3.9700000e-02
   7.5400000e-02   4.2590000e-01
   4.1700000e-01   3.7800000e-01
   5.0050000e-01   3.1460000e-01
   4.9200000e-01   3.8570000e-01
   6.0160000e-01   1.9910000e-01
   2.5980000e-01   4.8110000e-01
   3.7030000e-01   2.7540000e-01
   2.8700000e-01   3.1720000e-01
   4.3830000e-01   3.7130000e-01
   6.7560000e-01   1.1000000e-01
   3.8580000e-01   6.1260000e-01
   7.1700000e-02   5.1160000e-01
   3.5790000e-01   2.6280000e-01
   1.3390000e-01   6.1780000e-01
   3.0170000e-01   3.1700000e-01
   7.9480000e-01   1.4880000e-01
   3.7000000e-01   4.7700000e-01
   3.9930000e-01   8.5200000e-02
   6.0550000e-01   1.1670000e-01
   5.7070000e-01   9.0700000e-02
   1.5860000e-01   2.3050000e-01
   3.1860000e-01   1.1170000e-01
   3.8670000e-01   1.2910000e-01
   4.8640000e-01   2.3180000e-01
   1.3700000e-01   5.6410000e-01
   4.9020000e-01   1.3380000e-01
   6.8650000e-01   3.1220000e-01
   7.0710000e-01   2.2770000e-01
   3.8790000e-01   6.0100000e-01
   3.9670000e-01   1.9070000e-01
   1.0900000e-02   4.5200000e-01
   4.0490000e-01   3.6520000e-01
   1.9710000e-01   7.8600000e-02
   6.7670000e-01   2.2100000e-01
   1.4060000e-01   2.9480000e-01
   9.9200000e-02   3.8100000e-01
   5.6560000e-01   3.6700000e-02
   1.1910000e-01   7.2060000e-01
   2.3170000e-01   2.5400000e-02
   5.9960000e-01   1.2700000e-01
   3.3320000e-01   3.4730000e-01
   1.6400000e-02   8.3730000e-01
   1.3280000e-01   5.1900000e-01
   5.6610000e-01   1.5030000e-01
   3.8520000e-01   3.5880000e-01
   2.0810000e-01   4.8750000e-01
   4.3790000e-01   9.7000000e-02
   3.9540000e-01   3.6090000e-01
   8.1040000e-01   7.2100000e-02
   5.5210000e-01   2.8200000e-01
   2.2130000e-01   2.7810000e-01
   2.4370000e-01   2.8110000e-01
   4.6130000e-01   4.2480000e-01
   4.2640000e-01   1.8220000e-01
   2.1560000e-01   4.0620000e-01
   5.5570000e-01   2.4920000e-01
   5.2530000e-01   1.8880000e-01
   3.6570000e-01   3.5770000e-01
   6.9760000e-01   8.2600000e-02
   1.4270000e-01   1.0100000e-01
   2.1300000e-01   5.9500000e-01
   3.3750000e-01   1.1490000e-01
   4.6390000e-01   4.5680000e-01
   5.5900000e-02   3.0490000e-01
   7.9380000e-01   1.5130000e-01
   4.4440000e-01   4.9510000e-01
   1.5660000e-01   4.8390000e-01
   2.2350000e-01   3.3990000e-01
   4.0580000e-01   3.6750000e-01
   3.2000000e-01   3.5960000e-01
   4.8060000e-01   4.3190000e-01
   4.8080000e-01   1.9600000e-01
   2.6250000e-01   2.8600000e-01
   6.7240000e-01   2.2150000e-01
   2.9410000e-01   6.0880000e-01
   7.3870000e-01   9.9200000e-02
   9.4300000e-02   3.3590000e-01
   3.9300000e-01   3.9700000e-01
   3.1520000e-01   2.6730000e-01
   1.2100000e-02   5.1920000e-01
   3.0800000e-01   3.9750000e-01
   4.9170000e-01   3.8500000e-01
   6.5520000e-01   3.0370000e-01
   3.4040000e-01   3.5510000e-01
   2.3040000e-01   4.6920000e-01
   3.3630000e-01   3.6450000e-01
   2.5000000e-01   5.0150000e-01
   1.9090000e-01   4.1800000e-02
   2.1700000e-02   8.6080000e-01
   3.1800000e-01   3.3040000e-01
   3.3550000e-01   3.4970000e-01
   6.3380000e-01   2.1770000e-01
   3.0490000e-01   2.9260000e-01
   6.4590000e-01   2.4950000e-01
   2.2500000e-01   3.7960000e-01
   3.6860000e-01   3.6730000e-01
   4.1630000e-01   1.9280000e-01
   1.0620000e-01   4.4940000e-01
   3.4730000e-01   6.2990000e-01
   5.1200000e-01   4.3950000e-01
   6.1800000e-02   7.4500000e-01
   3.5410000e-01   6.8300000e-02
   2.3370000e-01   7.6390000e-01
   2.1400000e-01   3.6160000e-01
   2.9160000e-01   3.2340000e-01
   3.7810000e-01   1.9800000e-01
   3.2560000e-01   2.8700000e-01
   3.2380000e-01   3.3100000e-01
   3.4340000e-01   2.0880000e-01
   2.9970000e-01   2.9420000e-01
   3.3110000e-01   4.5520000e-01
   3.9430000e-01   3.6000000e-02
   5.3800000e-01   3.0310000e-01
   2.2190000e-01   2.3310000e-01
   4.3510000e-01   1.9190000e-01
   3.6140000e-01   3.8690000e-01
   3.7820000e-01   3.8270000e-01
   3.6780000e-01   4.6180000e-01
   7.4300000e-02   6.4610000e-01
   1.9090000e-01   3.6180000e-01
   4.5440000e-01   3.2780000e-01
   1.6940000e-01   4.2600000e-01
   2.1450000e-01   4.1360000e-01
   4.0370000e-01   3.5170000e-01
   2.5790000e-01   2.3250000e-01
   3.7730000e-01   4.1520000e-01
   3.0330000e-01   3.3170000e-01
   1.5160000e-01   2.6680000e-01
   3.6330000e-01   1.7950000e-01
   7.4910000e-01   5.1900000e-02
   2.9490000e-01   3.5590000e-01
   4.1000000e-01   1.9440000e-01
   4.6400000e-02   3.8940000e-01
   6.3620000e-01   3.1700000e-01
   2.2450000e-01   4.2950000e-01
   1.3200000e-02   6.3020000e-01
   1.6640000e-01   4.7740000e-01
   1.0850000e-01   4.5980000e-01
   4.1590000e-01   2.5820000e-01
   2.7020000e-01   4.0560000e-01
   2.0870000e-01   4.9830000e-01
   1.4480000e-01   2.8630000e-01
   4.3700000e-01   1.0830000e-01
   4.8800000e-02   4.6610000e-01
   4.1780000e-01   1.6950000e-01
   6.8590000e-01   2.2590000e-01
   6.3530000e-01   2.0000000e-04
   5.1150000e-01   4.1330000e-01
   2.2630000e-01   7.1210000e-01
   8.8600000e-02   5.8990000e-01
   4.6290000e-01   3.6510000e-01
   5.9140000e-01   3.2760000e-01
   2.5330000e-01   3.3990000e-01
   1.0000000e-03   4.0260000e-01
   4.4010000e-01   2.5520000e-01
   4.9110000e-01   1.1480000e-01
   8.2000000e-02   3.9720000e-01
   1.4810000e-01   1.8020000e-01
   3.7460000e-01   5.0850000e-01
   2.5500000e-01   4.0860000e-01
   3.7850000e-01   2.5830000e-01
   1.7300000e-02   5.0730000e-01
   1.7710000e-01   6.5500000e-02
   3.3580000e-01   3.5610000e-01
   8.7970000e-01   3.7500000e-02
   7.2300000e-02   2.7490000e-01
   1.6070000e-01   4.2830000e-01
   3.7320000e-01   2.3380000e-01
   4.2220000e-01   1.5030000e-01
   5.8080000e-01   2.9600000e-01
   2.5420000e-01   4.3350000e-01
   2.6500000e-02   7.7110000e-01
   6.3160000e-01   3.6450000e-01
   9.6100000e-02   6.8280000e-01
   3.1140000e-01   3.1990000e-01
   3.3480000e-01   3.0340000e-01
   4.8560000e-01   3.9930000e-01
   4.3730000e-01   1.3560000e-01
   3.8720000e-01   5.2270000e-01
   2.4960000e-01   5.3400000e-01
   3.1220000e-01   4.2640000e-01
   2.4600000e-01   2.8530000e-01
   3.2980000e-01   4.2920000e-01
   3.1670000e-01   2.2890000e-01
   3.8830000e-01   4.7310000e-01
   4.8390000e-01   2.0120000e-01
   1.3430000e-01   5.3960000e-01
   4.0400000e-01   2.8490000e-01
   4.9000000e-03   4.9970000e-01
   4.9600000e-01   4.4050000e-01
   2.8200000e-01   3.2310000e-01
   5.7160000e-01   7.9200000e-02
   7.4110000e-01   5.9900000e-02
   8.1700000e-02   4.0100000e-01
   4.6670000e-01   6.7500000e-02
   1.2460000e-01   4.0530000e-01
   5.3450000e-01   3.3800000e-02
   3.6430000e-01   2.5400000e-01
   2.7760000e-01   2.9520000e-01
   3.4960000e-01   3.3320000e-01
   4.2480000e-01   1.9130000e-01
   1.8830000e-01   6.0080000e-01
   1.4130000e-01   2.4170000e-01
   4.7850000e-01   4.0340000e-01
   7.7300000e-02   2.3670000e-01
   4.6200000e-01   4.8510000e-01
   4.1770000e-01   3.6990000e-01
   3.5010000e-01   1.9690000e-01
   4.7450000e-01   3.2480000e-01
   4.0880000e-01   2.0880000e-01
   1.3810000e-01   7.0600000e-02
   5.8900000e-02   1.4120000e-01
   2.2480000e-01   4.0450000e-01
   6.7850000e-01   1.1100000e-02
   1.7340000e-01   4.0700000e-02
   4.4380000e-01   2.2430000e-01
   1.9400000e-01   3.6670000e-01
   5.1710000e-01   1.9490000e-01
   5.1630000e-01   9.3000000e-03
   3.5250000e-01   3.3440000e-01
   7.1260000e-01   1.0250000e-01
   2.5060000e-01   3.7180000e-01
   3.9600000e-01   4.7590000e-01
   4.2040000e-01   1.7950000e-01
   2.6030000e-01   4.8300000e-01
   1.6630000e-01   8.1630000e-01
   3.6750000e-01   2.8370000e-01
   8.6470000e-01   2.4900000e-02
   1.2000000e-01   4.8600000e-01
   3.6120000e-01   3.8980000e-01
   2.9020000e-01   1.7570000e-01
   6.8800000e-01   2.7380000e-01
   8.6400000e-02   5.2720000e-01
   2.2620000e-01   3.8930000e-01
   5.0290000e-01   2.6280000e-01
   1.4700000e-01   4.3640000e-01
   3.2220000e-01   2.7440000e-01
   3.7980000e-01   1.5100000e-01
   1.5680000e-01   6.5620000e-01
   4.5810000e-01   4.9920000e-01
   3.1540000e-01   3.5650000e-01
   1.4880000e-01   6.1660000e-01
   2.7500000e-01   5.1200000e-01
   2.4260000e-01   1.7420000e-01
   2.5820000e-01   4.6580000e-01
   7.4000000e-02   4.0510000e-01
   3.6300000e-01   3.2170000e-01
   2.5200000e-02   1.5030000e-01
   4.6620000e-01   1.0620000e-01
   3.2350000e-01   3.2870000e-01
   3.9380000e-01   3.2540000e-01
   3.6640000e-01   1.4760000e-01
   5.6610000e-01   1.7320000e-01
   3.6560000e-01   1.2020000e-01
   2.1980000e-01   1.0420000e-01
   5.4290000e-01   1.2940000e-01
   2.4890000e-01   3.8000000e-01
   6.3860000e-01   1.0110000e-01
   3.2930000e-01   4.1090000e-01
   2.5190000e-01   2.7680000e-01
   2.0630000e-01   5.1040000e-01
   4.5510000e-01   1.6250000e-01
   2.9700000e-01   3.3330000e-01
   2.3600000e-01   2.3210000e-01
   7.0790000e-01   8.9400000e-02
   5.6670000e-01   3.4240000e-01
   5.3650000e-01   2.4800000e-01
   1.1150000e-01   3.4600000e-01
   4.6200000e-01   1.9020000e-01
   7.9000000e-02   5.0000000e-01
   3.7900000e-02   6.7990000e-01
   2.9640000e-01   5.6730000e-01
   5.3770000e-01   1.7970000e-01
   5.8880000e-01   2.5140000e-01
   5.8590000e-01   2.7430000e-01
   6.0620000e-01   4.6900000e-02
   1.4550000e-01   3.6620000e-01
   2.5910000e-01   4.6260000e-01
   1.2570000e-01   6.2540000e-01
   3.9970000e-01   2.7350000e-01
   5.9240000e-01   2.6910000e-01
   5.0750000e-01   2.5800000e-02
   2.3620000e-01   4.4270000e-01
   5.0570000e-01   8.2300000e-02
   2.8760000e-01   2.2980000e-01
   4.8140000e-01   2.1060000e-01
   2.7480000e-01   3.3270000e-01
   2.2760000e-01   4.9620000e-01
   3.3610000e-01   3.1640000e-01
   4.0930000e-01   3.5040000e-01
   3.4870000e-01   3.7780000e-01
   3.5120000e-01   3.5920000e-01
   8.9900000e-02   4.7110000e-01
   2.7750000e-01   3.8220000e-01
   5.1880000e-01   1.8440000e-01
   4.2100000e-01   1.4510000e-01
   1.7140000e-01   5.6550000e-01
   7.1380000e-01   2.8060000e-01
   2.4750000e-01   5.1990000e-01
   4.4180000e-01   1.8720000e-01
   2.2900000e-01   3.0470000e-01
   3.7000000e-03   6.7450000e-01
   1.3020000e-01   5.2070000e-01
   3.0970000e-01   2.0990000e-01
   3.6400000e-01   2.7780000e-01
   3.0690000e-01   2.1290000e-01
   4.3160000e-01   5.7000000e-03
   3.5120000e-01   3.2390000e-01
   5.3240000e-01   2.5700000e-01
   2.9730000e-01   3.4660000e-01
   2.2640000e-01   1.1330000e-01
   1.0830000e-01   1.1360000e-01
   1.0000000e-02   5.9120000e-01
   1.6770000e-01   5.3920000e-01
   5.9600000e-01   1.3400000e-02
   1.2640000e-01   4.7800000e-01
   3.2010000e-01   4.8300000e-01
   4.1120000e-01   1.7060000e-01
   3.7180000e-01   3.3360000e-01
   2.9430000e-01   2.3950000e-01
   2.8120000e-01   4.8140000e-01
   2.4700000e-01   5.3620000e-01
   8.5800000e-02   5.3880000e-01
   4.1240000e-01   4.8470000e-01
   3.8440000e-01   1.2550000e-01
   2.9230000e-01   5.9330000e-01
   3.5000000e-01   1.8960000e-01
   4.7920000e-01   3.9610000e-01
   1.4680000e-01   2.8140000e-01
   3.4290000e-01   2.5660000e-01
   2.0400000e-01   5.7680000e-01
   4.7310000e-01   4.8010000e-01
   4.6600000e-01   4.7870000e-01
   7.0800000e-02   6.7810000e-01
   1.1840000e-01   6.5810000e-01
   3.0410000e-01   3.6010000e-01
   5.0230000e-01   2.6880000e-01
   2.1420000e-01   1.2230000e-01
   4.8230000e-01   1.3550000e-01
   4.4810000e-01   2.5000000e-02
   2.7940000e-01   4.7070000e-01
   2.8210000e-01   4.5810000e-01
   5.3070000e-01   3.6600000e-02
   4.7330000e-01   1.0710000e-01
   5.8310000e-01   3.7960000e-01
   3.3080000e-01   3.8520000e-01
   4.3770000e-01   2.3740000e-01
   4.2260000e-01   3.7790000e-01
   4.5880000e-01   1.0790000e-01
   3.9620000e-01   3.8340000e-01
   4.7180000e-01   2.5800000e-02
   6.4220000e-01   1.0400000e-01
   3.9420000e-01   7.8800000e-02
   1.0900000e-02   9.7770000e-01
   9.8600000e-02   4.7850000e-01
   1.2910000e-01   1.7430000e-01
   9.0700000e-02   3.5990000e-01
   6.7520000e-01   1.6100000e-02
   3.3270000e-01   4.2030000e-01
   4.8460000e-01   4.1110000e-01
   5.2270000e-01   2.7900000e-01
   3.8100000e-02   4.6740000e-01
   6.6810000e-01   9.9900000e-02
   4.1910000e-01   4.4320000e-01
   3.7960000e-01   1.9330000e-01
   1.1760000e-01   6.1620000e-01
   2.5130000e-01   4.2970000e-01
   4.3950000e-01   4.9840000e-01
   3.6340000e-01   4.7740000e-01
   5.7340000e-01   1.3310000e-01
   3.3280000e-01   4.0060000e-01
   3.6340000e-01   5.3020000e-01
   7.8700000e-02   7.6720000e-01
   3.8500000e-01   2.6790000e-01
   4.8380000e-01   1.4100000e-01
   3.7430000e-01   3.1420000e-01
   1.0590000e-01   1.0040000e-01
   4.1060000e-01   4.0000000e-01
   3.2330000e-01   3.8950000e-01
   1.6330000e-01   4.0270000e-01
   5.4930000e-01   4.1260000e-01
   4.8250000e-01   2.2910000e-01
   6.4230000e-01   3.1270000e-01
   3.8010000e-01   1.6240000e-01
   5.1350000e-01   2.2230000e-01
   3.6600000e-01   3.6480000e-01
   4.0000000e-01   3.8280000e-01
   6.6240000e-01   3.1730000e-01
   5.9600000e-02   4.6000000e-02
   4.8100000e-01   5.9800000e-02
   7.1160000e-01   2.1610000e-01
   5.9160000e-01   2.8360000e-01
   4.0740000e-01   3.1990000e-01
   1.8770000e-01   4.9940000e-01
   3.7200000e-02   7.1530000e-01
   8.2300000e-02   7.4250000e-01
   3.7840000e-01   5.9770000e-01
   5.1810000e-01   1.6090000e-01
   1.0000000e-01   4.4950000e-01
   3.9510000e-01   4.1270000e-01
   5.1240000e-01   2.9730000e-01
   3.7620000e-01   1.7990000e-01
   7.2330000e-01   1.7970000e-01
   2.4510000e-01   2.8640000e-01
   2.3270000e-01   4.4470000e-01
   6.6710000e-01   1.1540000e-01
   4.8510000e-01   3.7180000e-01
   3.9890000e-01   6.4300000e-02
   1.3500000e-02   3.1270000e-01
   2.0130000e-01   2.6130000e-01
   4.4900000e-01   3.2280000e-01
   4.3440000e-01   5.4350000e-01
   4.3550000e-01   3.7030000e-01
   2.5500000e-01   4.6310000e-01
   4.2140000e-01   2.0190000e-01
   5.5620000e-01   3.8640000e-01
   1.2830000e-01   4.6520000e-01
   6.3390000e-01   9.1000000e-02
   2.0320000e-01   7.5760000e-01
   5.7570000e-01   2.9740000e-01
   1.5530000e-01   2.9640000e-01
   2.7720000e-01   1.5920000e-01
   4.8620000e-01   3.8610000e-01
   3.5920000e-01   5.6800000e-01
   5.7560000e-01   5.5400000e-02
   3.7420000e-01   6.5000000e-02
   7.7900000e-02   8.1920000e-01
   4.3760000e-01   1.0610000e-01
   3.9980000e-01   1.3870000e-01
   3.5680000e-01   3.6660000e-01
   2.9470000e-01   5.2600000e-01
   2.3120000e-01   2.0120000e-01
   6.3600000e-02   6.3460000e-01
   1.8370000e-01   6.0110000e-01
   2.8510000e-01   6.3490000e-01
   4.1820000e-01   1.5930000e-01
   1.6100000e-02   5.8840000e-01
   5.2780000e-01   2.9430000e-01
   1.0150000e-01   4.7410000e-01
   2.9450000e-01   3.1570000e-01
   4.6400000e-02   2.1340000e-01
   4.5730000e-01   5.1130000e-01
   4.7920000e-01   4.5700000e-01
   4.0110000e-01   4.2920000e-01
   3.9200000e-02   5.2910000e-01
   4.7270000e-01   3.4290000e-01
   3.7230000e-01   1.5750000e-01
   2.7360000e-01   3.1290000e-01
   1.7700000e-01   2.2360000e-01
   3.8600000e-01   2.9210000e-01
   4.5780000e-01   2.4000000e-01
   3.4310000e-01   2.6550000e-01
   3.2870000e-01   1.9250000e-01
   1.9580000e-01   5.0810000e-01
   5.4250000e-01   2.3310000e-01
   4.0500000e-01   5.2130000e-01
   1.4810000e-01   2.7660000e-01
   4.1070000e-01   2.3600000e-01
   6.3020000e-01   1.2980000e-01
   6.6600000e-02   1.1330000e-01
   6.8650000e-01   7.0600000e-02
   1.8060000e-01   3.8260000e-01
   1.2980000e-01   2.9370000e-01
   7.3680000e-01   8.6300000e-02
   2.3120000e-01   4.5250000e-01
   5.7890000e-01   1.9150000e-01
   1.6510000e-01   4.3240000e-01
   3.0220000e-01   4.3260000e-01
   6.4930000e-01   1.1770000e-01
   3.3460000e-01   3.2730000e-01
   8.3900000e-02   4.3160000e-01
   4.0330000e-01   7.8900000e-02
   1.5390000e-01   4.9080000e-01
   3.9500000e-01   3.0840000e-01
   2.9650000e-01   7.8300000e-02
   5.7720000e-01   2.5730000e-01
   7.2980000e-01   4.8900000e-02
   2.0570000e-01   4.0260000e-01
   1.1680000e-01   3.7260000e-01
   5.1500000e-02   5.1210000e-01
   3.6900000e-01   3.9000000e-01
   3.5880000e-01   5.4270000e-01
   4.0390000e-01   5.4320000e-01
   7.0110000e-01   1.9960000e-01
   1.9130000e-01   7.6700000e-02
   2.9750000e-01   3.2720000e-01
   2.7600000e-01   3.9160000e-01
   2.5760000e-01   2.8870000e-01
   2.6120000e-01   3.0950000e-01
   2.9300000e-02   3.4700000e-02
   1.2460000e-01   3.6570000e-01
   4.2700000e-01   8.4900000e-02
   4.5620000e-01   2.2130000e-01
   6.2400000e-01   1.5550000e-01
   6.2430000e-01   2.4090000e-01
   6.7590000e-01   1.6300000e-01
   3.4410000e-01   4.0200000e-01
   1.9680000e-01   3.0260000e-01
   3.3650000e-01   5.3490000e-01
   4.3330000e-01   1.9530000e-01
   2.0730000e-01   1.3100000e-01
   4.3140000e-01   4.2030000e-01
   2.3670000e-01   5.1590000e-01
   4.6710000e-01   2.0410000e-01
   7.7200000e-02   4.0660000e-01
   4.5980000e-01   5.3460000e-01
   4.2300000e-01   3.3100000e-02
   3.4870000e-01   3.1580000e-01
   1.9300000e-01   1.1090000e-01
   1.0180000e-01   3.9460000e-01
   2.3560000e-01   3.2710000e-01
   5.4590000e-01   2.3590000e-01
   1.5190000e-01   6.4100000e-01
   4.2640000e-01   5.1050000e-01
   1.3930000e-01   3.5610000e-01
   3.4830000e-01   4.7850000e-01
   4.3410000e-01   1.2800000e-01
   2.8730000e-01   6.3400000e-02
   3.9670000e-01   5.9830000e-01
   1.2590000e-01   3.9970000e-01
   1.9700000e-02   3.9210000e-01
   5.0700000e-02   4.7900000e-01
   4.3500000e-01   2.3680000e-01
   4.7510000e-01   4.7630000e-01
   4.4610000e-01   3.2060000e-01
   6.8200000e-02   3.5990000e-01
   2.7600000e-01   5.5730000e-01
   4.3560000e-01   2.6120000e-01
   2.0560000e-01   4.7840000e-01
   1.5910000e-01   4.3470000e-01
   1.6920000e-01   8.5900000e-02
   1.3010000e-01   6.0460000e-01
   4.0210000e-01   2.4560000e-01
   4.6950000e-01   2.5520000e-01
   6.3290000e-01   1.7420000e-01
   4.1590000e-01   3.0770000e-01
   1.1830000e-01   4.4880000e-01
   3.5350000e-01   2.8270000e-01
   6.6300000e-01   1.6180000e-01
   3.3570000e-01   5.9610000e-01
   2.0900000e-01   1.9160000e-01
   1.2220000e-01   7.7080000e-01
   2.8430000e-01   2.1030000e-01
   1.2150000e-01   4.1560000e-01
   3.7570000e-01   2.7000000e-01
   1.0250000e-01   7.4300000e-02
   3.5080000e-01   2.6720000e-01
   2.2570000e-01   2.8110000e-01
   2.9190000e-01   3.3270000e-01
   4.4420000e-01   5.0630000e-01
   1.3770000e-01   3.8200000e-01
   1.0450000e-01   5.5010000e-01
   2.9470000e-01   2.4250000e-01
   3.9450000e-01   1.1220000e-01
   4.4620000e-01   2.5290000e-01
   5.1130000e-01   3.6390000e-01
   1.7170000e-01   4.0230000e-01
   9.0000000e-03   4.6880000e-01
   5.2170000e-01   1.7170000e-01
   1.8500000e-01   4.9140000e-01
   2.1620000e-01   6.2660000e-01
   4.7640000e-01   1.8440000e-01
   4.3570000e-01   4.5960000e-01
   2.1650000e-01   2.9230000e-01
   3.0200000e-02   9.0470000e-01
   4.0270000e-01   3.7160000e-01
   2.7070000e-01   3.6280000e-01
   3.1200000e-02   9.5950000e-01
   4.1510000e-01   1.8900000e-02
   1.1960000e-01   3.9610000e-01
   3.5700000e-01   5.0110000e-01
   5.9260000e-01   2.1130000e-01
   2.5030000e-01   4.3500000e-01
   2.1990000e-01   5.3810000e-01
   3.6900000e-01   4.5840000e-01
   5.1390000e-01   2.6930000e-01
   9.0900000e-02   5.7000000e-01
   4.6940000e-01   3.4410000e-01
   3.7260000e-01   2.0360000e-01
   2.7150000e-01   2.8520000e-01
   6.2810000e-01   2.5480000e-01
   2.1420000e-01   3.1860000e-01
   1.2670000e-01   3.8380000e-01
   4.6430000e-01   4.2280000e-01
   3.4930000e-01   2.9950000e-01
   3.2850000e-01   4.0370000e-01
   3.1200000e-02   5.8710000e-01
   5.1820000e-01   1.6800000e-01
   4.2910000e-01   4.9380000e-01
   4.4020000e-01   4.9900000e-01
   1.6390000e-01   4.2790000e-01
   5.6050000e-01   2.4630000e-01
   2.6710000e-01   3.6350000e-01
   4.4820000e-01   5.2090000e-01
   3.9440000e-01   3.1360000e-01
   2.2080000e-01   4.4890000e-01
   5.4440000e-01   3.0100000e-01
   3.5180000e-01   4.3830000e-01
   6.7900000e-02   6.6680000e-01
   6.7400000e-02   4.8410000e-01
   3.8330000e-01   3.1080000e-01
   4.7030000e-01   4.4620000e-01
   2.2420000e-01   3.1980000e-01
   4.4110000e-01   1.0630000e-01
   2.6710000e-01   4.5600000e-01
   3.4460000e-01   2.8540000e-01
   1.9690000e-01   2.1860000e-01
   2.0330000e-01   7.1650000e-01
   4.7600000e-02   5.2670000e-01
   3.9870000e-01   1.2890000e-01
   3.3790000e-01   1.3030000e-01
   3.1400000e-02   4.4040000e-01
   3.2200000e-01   3.3770000e-01
   2.6160000e-01   4.2940000e-01
   1.1800000e-01   8.3400000e-02
   3.0830000e-01   5.8770000e-01
   2.5380000e-01   3.6810000e-01
   2.7610000e-01   3.7040000e-01
   5.7680000e-01   3.5730000e-01
   1.1090000e-01   6.5000000e-01
   4.6060000e-01   1.0700000e-01
   4.9320000e-01   3.8410000e-01
   2.3420000e-01   4.4620000e-01
   1.0870000e-01   4.6750000e-01
   4.1660000e-01   5.7550000e-01
   2.9050000e-01   3.5450000e-01
   2.8270000e-01   6.6860000e-01
   3.6000000e-01   4.6770000e-01
   6.0940000e-01   2.5080000e-01
   2.9320000e-01   3.0880000e-01
   1.9960000e-01   3.5130000e-01
   1.4990000e-01   6.1960000e-01
   2.4090000e-01   3.7640000e-01
   4.3720000e-01   2.2380000e-01
   1.7290000e-01   1.8200000e-01
   2.1180000e-01   3.3810000e-01
   3.2410000e-01   4.0650000e-01
   3.6400000e-02   2.6820000e-01
   9.1480000e-01   2.0000000e-04
   2.4590000e-01   2.6820000e-01
   6.1410000e-01   2.1290000e-01
   3.6840000e-01   2.6620000e-01
   3.3690000e-01   3.4110000e-01
   1.4050000e-01   5.2120000e-01
   3.7000000e-02   5.5180000e-01
   4.0030000e-01   2.0750000e-01
   4.5200000e-01   1.7620000e-01
   3.4310000e-01   6.3880000e-01
   5.5960000e-01   1.0760000e-01
   1.6540000e-01   6.5170000e-01
   2.3340000e-01   3.5260000e-01
   2.9310000e-01   1.6430000e-01
   5.0400000e-02   4.7320000e-01
   9.2700000e-02   8.5520000e-01
   6.5700000e-02   3.8990000e-01
   7.3820000e-01   1.5400000e-02
   1.1100000e-02   4.7170000e-01
   4.1990000e-01   2.2510000e-01
   4.8220000e-01   1.6500000e-02
   4.4230000e-01   4.7000000e-01
   3.3840000e-01   4.2830000e-01
   3.1470000e-01   3.0870000e-01
   4.6530000e-01   4.0960000e-01
   3.7100000e-01   8.8300000e-02
   4.4160000e-01   2.6220000e-01
   3.9770000e-01   2.4090000e-01
   1.0940000e-01   3.0830000e-01
   4.0630000e-01   3.3260000e-01
   4.0000000e-01   3.0270000e-01
   2.9630000e-01   2.4600000e-02
   2.7390000e-01   2.4980000e-01
   2.3800000e-01   4.8320000e-01
   2.3910000e-01   3.5450000e-01
   2.8200000e-01   4.3540000e-01
   4.6600000e-02   4.8420000e-01
   1.5630000e-01   4.2350000e-01
   2.9940000e-01   3.3570000e-01
   4.8220000e-01   1.0390000e-01
   1.3680000e-01   3.8350000e-01
   5.4240000e-01   2.2170000e-01
   3.6350000e-01   2.6100000e-01
   6.1640000e-01   3.9400000e-02
   1.9160000e-01   2.7030000e-01
   6.6900000e-02   2.9760000e-01
   7.5800000e-02   5.0960000e-01
   6.7260000e-01   2.8350000e-01
   2.1200000e-02   7.4980000e-01
   4.4080000e-01   4.7450000e-01
   9.2000000e-02   4.3040000e-01
   3.9090000e-01   1.3530000e-01
   3.6840000e-01   5.3380000e-01
   4.3640000e-01   5.7600000e-02
   5.1400000e-01   1.3850000e-01
   3.8130000e-01   2.5040000e-01
   3.9130000e-01   2.5680000e-01
   3.1580000e-01   3.6350000e-01
   4.4730000e-01   2.9780000e-01
   2.2660000e-01   3.7880000e-01
   5.5180000e-01   4.0730000e-01
   3.7140000e-01   3.9320000e-01
   7.0750000e-01   1.4910000e-01
   3.3380000e-01   3.9750000e-01
   3.2020000e-01   6.1390000e-01
   2.7920000e-01   3.1730000e-01
   8.1290000e-01   1.8480000e-01
   4.6420000e-01   4.4630000e-01
   2.1530000e-01   1.1680000e-01
   4.9750000e-01   3.3720000e-01
   3.3400000e-02   5.8190000e-01
